944.96, 304.98,  18.95
25.0000,304.9800,19.1079,-2.2300,9.0600
75.0000,305.1300,18.8234,-2.8700,11.4800
125.0000,305.2700,18.5779,-3.3700,13.4800
175.0000,305.3700,18.4485,-3.5500,14.4800
225.0000,305.4700,18.3390,-3.6900,15.4200
275.0000,305.5600,18.2391,-3.7500,16.2400
325.0000,305.6700,18.1499,-3.7600,17.0800
375.0000,305.7900,18.0517,-3.6700,17.9700
425.0000,305.9200,17.9539,-3.5100,18.8800
475.0000,306.0700,17.8376,-3.2300,19.8500
525.0000,306.2400,17.7123,-1.1887,20.8757
575.0000,306.4300,17.5781,-0.0889,18.7647
625.0000,306.6100,17.4631,-2.1021,23.2645
675.0000,306.7500,17.3861,0.2379,21.7897
725.0000,306.8600,17.2888,1.8564,21.6792
775.0000,306.9400,17.1322,-1.3120,24.9843
825.0000,307.0200,16.9465,1.2152,24.6817
875.0000,307.0700,16.7017,0.5092,25.5384
925.0000,307.1219,16.4182,2.8048,25.8737
975.0000,306.9106,17.0990,0.1028,24.9456
1025.0000,307.7300,14.9108,1.8296,25.2269
1075.0000,307.6834,15.6239,3.9400,25.9405
1125.0000,309.5935,15.8634,3.1828,27.4986
1175.0000,309.9769,15.2449,3.4308,26.5266
1225.0000,309.6514,16.9264,4.8294,26.4773
1275.0000,310.0845,14.6628,7.9129,27.3126
1325.0000,310.1030,14.5563,6.6406,25.3966
1375.0000,310.0415,14.8664,6.4068,26.7097
1425.0000,309.9211,15.4824,8.7118,28.6049
1475.0000,311.0394,13.0604,10.3700,27.4656
1525.0000,311.8789,12.9237,11.0091,29.2750
1575.0000,312.1493,11.5045,11.0586,27.5573
1625.0000,312.2697,12.2934,11.9396,25.1665
1675.0000,312.4689,11.2472,11.2946,24.2734
1725.0000,312.7025,10.0193,14.5349,23.7935
1775.0000,312.8649,9.3420,15.3894,23.6672
1825.0000,313.0811,8.2031,14.4478,27.2794
1875.0000,312.9063,9.1136,16.4342,22.4321
1925.0000,313.1537,8.9802,13.2530,24.1728
1975.0000,313.5844,6.7165,16.6967,23.5923
2025.0000,313.6765,7.4611,14.7661,23.8091
2075.0000,313.8401,6.5986,16.2729,22.9305
2125.0000,313.7393,7.1233,16.2737,22.4218
2175.0000,314.3389,5.7308,16.9383,25.9738
2225.0000,313.9732,7.6426,16.5580,22.7044
2275.0000,314.5542,4.5929,17.2340,22.7371
2325.0000,314.3020,5.9141,19.8651,23.1831
2375.0000,314.2304,6.2860,19.1971,20.6743
2425.0000,314.7766,3.4152,19.1159,21.9779
2475.0000,314.6495,4.0821,20.8207,22.9248
2525.0000,315.2560,3.7323,19.8612,19.3760
2575.0000,315.1869,4.4267,19.5456,19.7694
2625.0000,315.0300,5.2456,22.9393,19.8838
2675.0000,315.0911,4.9233,20.0946,24.3857
2725.0000,315.3531,3.5496,19.4094,19.6011
2775.0000,315.1784,4.4621,18.8176,21.7811
2825.0000,316.9305,1.7333,19.5301,22.9828
2875.0000,316.4160,4.4225,20.3585,23.2343
2925.0000,316.4535,4.2252,22.8048,20.4535
2975.0000,316.7340,2.7593,21.1379,20.6023
3025.0000,316.4790,4.0884,20.4815,20.1298
3076.2700,316.4837,4.0618,20.8984,20.1158
3130.0600,316.8020,2.4004,20.7832,20.4380
3186.3900,316.7462,2.6902,22.6609,20.0558
3245.2500,316.7218,2.8161,20.9853,21.7597
3306.6500,316.8039,2.3870,22.3685,20.2908
3370.5700,316.5934,3.4818,23.4070,20.8527
3437.0300,316.8811,1.9816,23.3024,19.1576
3506.0100,316.9664,2.3732,21.1088,20.1824
3577.5300,318.1229,2.0274,23.7304,22.2102
3651.5800,318.0236,2.5413,20.6446,20.4076
3728.1600,317.9438,2.9533,22.1367,22.3512
3807.2800,319.2721,3.6858,21.2632,26.2451
3888.9200,319.5001,2.5087,17.4332,25.6674
3973.1000,319.4941,2.5383,17.7183,28.1262
4059.8100,320.0839,1.1658,20.6897,25.1316
4149.0500,320.0408,1.3875,17.4385,25.1687
4240.8200,319.8950,2.1379,20.5118,28.2677
4335.1300,319.9272,1.9709,20.1703,25.0611
4431.9600,320.3978,2.3505,19.1157,26.6297
4531.3300,320.4913,1.8692,19.5973,25.9011
4633.2300,320.5096,1.7740,17.7601,26.9461
4737.6600,320.6008,1.3048,19.6495,23.3887
4844.6200,320.5177,1.7304,18.2780,26.3756
4954.1100,322.5820,0.8239,18.2057,27.0482
5066.1400,322.3846,1.8307,19.1918,26.2743
5180.7000,322.4820,1.3334,20.6670,26.7121
5297.7800,322.4715,1.3865,19.2578,27.8673
5417.4100,322.5418,1.0275,20.3614,26.0773
5539.5600,322.4613,1.4371,18.6665,25.5194
5664.2400,322.5160,1.1578,18.0606,25.8254
5791.4600,322.4622,1.4311,19.8634,26.9886
5921.2000,322.5176,1.1490,20.0684,26.6680
6053.4800,323.2014,1.0361,21.3024,23.4897
6188.2900,323.5581,1.0545,19.4466,24.2253
6325.6300,323.5651,1.0189,17.7740,26.5360
6465.5100,325.3343,0.9671,20.5423,23.8016
6607.9100,326.2387,0.6314,21.9981,24.7728
6752.8500,326.2596,0.5256,21.4687,24.1597
6900.3200,326.2721,0.4629,23.9619,21.8688
7050.3200,326.2659,0.4941,22.3604,24.6413
7202.8500,326.8538,0.4291,23.2298,22.5994
7357.9100,326.8608,0.3941,20.5146,24.6550
7515.5100,327.7334,0.2497,25.5965,26.4945
7675.6300,328.1114,0.0944,26.6296,21.1262
7838.2900,329.4856,0.1707,28.0171,24.3839
8003.4800,329.4626,0.2853,27.0515,22.6158
8171.2000,329.8384,0.2883,29.2134,23.6877
8341.4600,329.8491,0.2353,29.5488,20.2238
8514.2400,330.2550,0.1467,31.1378,22.8227
8689.5600,331.6115,0.0869,31.7372,19.9996
8867.4100,332.6967,0.1310,33.8395,22.8912
9047.7900,333.4630,0.1125,30.2668,22.3338
9230.7000,337.0196,0.0540,34.7788,20.0361
9416.1400,337.3709,0.1049,33.7307,17.5670
9604.1100,337.3623,0.1464,35.2967,19.5940
9794.6200,338.6881,0.0897,31.7323,20.1918
9987.6600,338.6841,0.1089,34.2253,19.5437
10183.2300,342.0735,0.0554,35.5206,18.4763
10381.3300,343.8025,0.0824,35.3338,18.0505
10581.9600,343.7996,0.0964,32.6518,13.1031
10785.1300,346.0003,0.1054,33.0243,15.9859
10990.8200,349.3275,0.0820,34.5586,15.4577
11199.0500,350.6715,0.0610,32.7857,11.1516
11409.8100,350.6789,0.0265,32.7394,12.0312
11623.1000,350.8280,0.0494,32.8457,11.1323
11838.9200,350.8321,0.0300,30.6717,13.7628
12057.2800,350.8343,0.0200,31.7587,11.3409
12278.1600,350.8343,0.0200,34.5325,8.3638
12501.5800,352.2300,0.0200,36.1099,9.7108
12727.5300,356.7100,0.0400,31.9264,8.8667
12956.0100,359.7100,0.0700,27.2393,4.7247
13187.0300,361.2300,0.0500,24.3267,5.7944
13420.5700,362.7600,0.0400,23.7444,7.1435
13656.6500,364.3100,0.0300,18.3213,8.6480
13895.2500,367.3800,0.0200,15.4035,10.6104
14136.3900,371.6400,0.0200,13.5805,16.2216
14380.0600,375.7000,0.0200,15.2102,16.0971
14626.2700,379.7500,0.0100,16.1186,12.8795
14875.0000,383.8500,0.0100,15.4222,12.6735
15125.0000,387.5500,0.0100,16.1785,12.1250
15375.0000,391.1000,0.0100,15.8296,10.2157
15625.0000,394.6600,0.0100,12.8357,10.5576
15875.0000,398.2100,0.0100,10.8758,9.0841
16125.0000,402.9100,0.0100,8.7988,12.0646
16375.0000,407.7900,0.0100,11.0063,9.7849
16625.0000,412.6800,0.0100,8.4821,9.0385
16875.0000,417.5600,0.0100,11.9801,9.6158
17125.0000,422.5000,0.0100,8.8590,11.2666
17375.0000,427.5000,0.0100,12.1213,9.3678
17625.0000,432.5000,0.0100,8.8645,8.7667
17875.0000,437.5000,0.0100,10.6960,9.1792
18000.0000,437.5000,0.0100,11.9487,8.3412
