944.96, 304.98,  18.95
25.0000,304.9800,18.9500,-2.2300,9.0600
75.0000,305.1300,18.6700,-2.8700,11.4800
125.0000,305.2700,18.4300,-3.3700,13.4800
175.0000,305.3700,18.3100,-3.5500,14.4800
225.0000,305.4700,18.2100,-3.6900,15.4200
275.0000,305.5600,18.1200,-3.7500,16.2400
325.0000,305.6700,18.0400,-3.7600,17.0800
375.0000,305.7900,17.9500,-3.6700,17.9700
425.0000,305.9200,17.8600,-3.5100,18.8800
475.0000,306.0700,17.7500,-3.2300,19.8500
525.0000,306.2400,17.6300,-2.5009,20.4896
575.0000,306.4300,17.5000,1.4327,22.6150
625.0000,306.6100,17.3900,-0.2900,21.7098
675.0000,306.7500,17.3200,-3.2890,23.1596
725.0000,306.8600,17.2300,-0.2223,23.9422
775.0000,306.9400,17.0800,-1.6603,25.0785
825.0000,307.0200,16.9000,-0.6116,24.7644
875.0000,307.0700,16.6600,0.6300,22.9078
925.0000,307.1219,16.3800,3.6034,23.1145
975.0000,309.0316,15.2653,2.1505,24.4369
1025.0000,309.4857,16.5523,1.7613,25.9126
1075.0000,309.3591,17.2300,6.6961,24.7982
1125.0000,309.6067,15.9054,4.8334,24.7065
1175.0000,310.3516,13.5734,2.5449,25.8606
1225.0000,310.1890,14.4396,-1.3233,26.5684
1275.0000,309.9764,15.5739,7.2909,27.0655
1325.0000,310.1614,14.5868,6.8647,28.3086
1375.0000,310.2865,13.9202,3.8349,23.9054
1425.0000,310.4519,14.2127,4.2291,27.4072
1475.0000,310.5090,13.9085,7.3567,26.9229
1525.0000,311.7383,12.6889,7.7370,26.6681
1575.0000,311.9953,11.3282,12.6537,28.2905
1625.0000,313.4660,14.2616,10.5255,26.9720
1675.0000,314.1161,10.8393,13.3208,29.2441
1725.0000,314.5334,8.6504,12.3810,26.3936
1775.0000,314.7310,7.6155,15.0221,25.6565
1825.0000,314.5891,8.3584,15.1873,26.0137
1875.0000,314.4209,9.2399,15.1613,26.4969
1925.0000,314.7153,7.6976,17.3244,24.3523
1975.0000,314.4873,8.8915,17.1418,23.2353
2025.0000,314.6468,8.0561,15.0601,24.3799
2075.0000,314.7994,7.2579,19.2048,25.5203
2125.0000,314.6152,8.2219,14.3477,22.7180
2175.0000,315.0317,6.0436,16.3920,21.8144
2225.0000,315.2541,4.8827,18.9297,23.9045
2275.0000,315.0126,6.1434,20.5025,23.3162
2325.0000,315.0240,6.0838,22.1516,21.7577
2375.0000,315.0748,5.8184,16.9436,18.8777
2425.0000,315.2226,5.0468,17.5873,25.1798
2475.0000,315.4939,3.6328,17.8018,18.9836
2525.0000,315.2724,4.7871,21.7539,21.5111
2575.0000,315.2557,4.8745,21.8298,20.8809
2625.0000,315.4992,3.6053,20.3898,21.2218
2675.0000,315.2947,4.6708,19.5624,19.4967
2725.0000,316.5534,4.7364,19.7101,20.8654
2775.0000,316.4577,5.2336,19.2452,19.9931
2825.0000,316.8621,3.1344,21.3234,20.2916
2875.0000,316.5146,4.9380,20.7132,17.3247
2925.0000,316.8226,3.3394,20.8166,19.7891
2975.0000,316.6823,4.0672,23.2966,19.8165
3025.0000,316.8364,3.2677,20.4485,20.1140
3076.2700,316.8655,3.1170,21.8104,18.0478
3130.0600,317.1194,1.8017,24.2862,16.2059
3186.3900,316.6759,4.1002,21.6153,17.2462
3245.2500,317.3033,0.8505,23.3025,22.6277
3306.6500,317.2442,4.7968,22.7694,22.2995
3370.5700,317.6608,2.6405,22.9336,21.7741
3437.0300,317.8753,1.5325,23.5180,20.3193
3506.0100,317.8405,1.7124,24.1857,18.4614
3577.5300,317.6244,2.8286,21.8066,21.7395
3651.5800,317.7008,2.4338,22.4452,20.2971
3728.1600,317.6344,2.7771,23.2502,19.7144
3807.2800,317.8753,1.5324,19.8838,23.4556
3888.9200,320.3728,3.2851,17.8621,25.1038
3973.1000,320.7140,1.5377,19.5201,24.3690
4059.8100,320.5431,2.4129,17.6002,23.6724
4149.0500,320.4387,2.9474,19.2607,26.0245
4240.8200,320.4610,2.8330,18.8536,25.7674
4335.1300,320.6454,1.8888,18.2889,26.6574
4431.9600,320.7472,1.3679,20.5099,22.4363
4531.3300,320.5466,2.3945,18.8633,28.0918
4633.2300,320.6203,2.0172,20.1228,26.6665
4737.6600,320.4941,2.6636,18.5264,27.4454
4844.6200,320.7204,1.5051,17.0068,27.3340
4954.1100,320.6444,1.8941,17.5104,25.4236
5066.1400,320.6742,1.7413,17.4945,26.3935
5180.7000,320.7435,1.3869,20.2000,27.5439
5297.7800,322.6958,1.5555,20.5378,27.6607
5417.4100,322.7457,1.3014,18.1684,26.7496
5539.5600,322.6673,1.7004,17.0681,25.4851
5664.2400,323.5512,1.4559,17.5939,26.2616
5791.4600,323.5569,1.4269,17.7298,24.8961
5921.2000,323.6141,1.1369,19.8407,24.4485
6053.4800,323.6367,1.0224,19.5244,23.1438
6188.2900,323.6421,0.9952,19.4678,26.1363
6325.6300,323.7118,0.6420,19.9809,25.2752
6465.5100,326.2501,1.2306,17.9428,25.2243
6607.9100,326.3859,0.5481,22.5630,25.4295
6752.8500,326.3920,0.5172,19.9273,25.1418
6900.3200,326.4010,0.4721,22.1922,27.7508
7050.3200,326.4047,0.4537,24.2436,24.4493
7202.8500,328.3330,0.4325,24.1835,23.8604
7357.9100,328.8381,0.5062,21.4346,22.3460
7515.5100,328.8612,0.3912,24.9467,21.3453
7675.6300,328.8707,0.3437,24.1907,24.2145
7838.2900,329.1105,0.3091,26.2650,24.2650
8003.4800,329.9233,0.1243,27.5165,23.2339
8171.2000,329.9285,0.0985,27.4882,22.3403
8341.4600,332.5437,0.2001,27.6350,22.9213
8514.2400,332.5758,0.0418,29.4700,22.2624
8689.5600,332.5450,0.1938,30.4471,22.5055
8867.4100,332.5576,0.1313,34.4815,21.5181
9047.7900,335.2989,0.1169,32.4886,20.7375
9230.7000,335.4504,0.1034,32.0975,21.1634
9416.1400,336.4597,0.1348,32.4405,22.7634
9604.1100,339.3314,0.0851,30.5248,19.2659
9794.6200,339.9272,0.1375,34.1719,18.4282
9987.6600,339.9246,0.1496,35.9632,22.1220
10183.2300,341.2218,0.0738,36.1173,16.9579
10381.3300,343.9622,0.0695,37.7384,14.4653
10581.9600,346.9840,0.1039,32.2332,13.5654
10785.1300,347.9613,0.0942,32.6461,14.3039
10990.8200,348.4814,0.0770,32.1076,14.8403
11199.0500,348.4818,0.0752,37.1980,15.1096
11409.8100,348.7890,0.0655,32.1031,15.2704
11623.1000,349.1925,0.0704,34.8321,10.3493
11838.9200,349.2011,0.0300,32.2757,11.0332
12057.2800,349.2700,0.0200,32.6398,11.0280
12278.1600,350.6400,0.0200,37.2133,7.4438
12501.5800,352.2300,0.0200,37.4884,8.7769
12727.5300,356.7100,0.0400,31.0640,4.9613
12956.0100,359.7100,0.0700,28.2679,8.7401
13187.0300,361.2300,0.0500,26.0971,6.4707
13420.5700,362.7600,0.0400,20.4735,7.4875
13656.6500,364.3100,0.0300,15.9918,7.8263
13895.2500,367.3800,0.0200,13.3150,12.3164
14136.3900,371.6400,0.0200,15.1602,15.2641
14380.0600,375.7000,0.0200,16.1698,14.7161
14626.2700,379.7500,0.0100,16.1367,11.4803
14875.0000,383.8500,0.0100,16.4988,13.5957
15125.0000,387.5500,0.0100,15.9882,12.9476
15375.0000,391.1000,0.0100,14.0362,8.3278
15625.0000,394.6600,0.0000,11.4141,10.4979
15875.0000,398.2100,0.0000,12.6266,7.8534
16125.0000,402.9100,0.0000,11.3209,8.6690
16375.0000,407.7900,0.0000,8.4094,9.1274
16625.0000,412.6800,0.0000,11.7751,8.0809
16875.0000,417.5600,0.0000,11.8093,12.2968
17125.0000,422.5000,0.0000,10.8119,9.1243
17375.0000,427.5000,0.0000,10.6992,7.9451
17625.0000,432.5000,0.0000,10.6794,6.5920
17875.0000,437.5000,0.0000,10.4542,11.0951
18000.0000,437.5000,0.0000,7.2475,10.4618
