944.96, 304.98,  18.95
25.0000,304.9800,18.9500,-2.2300,9.0600
75.0000,305.1300,18.6700,-2.8700,11.4800
125.0000,305.2700,18.4300,-3.3700,13.4800
175.0000,305.3700,18.3100,-3.5500,14.4800
225.0000,305.4700,18.2100,-3.6900,15.4200
275.0000,305.5600,18.1200,-3.7500,16.2400
325.0000,305.6700,18.0400,-3.7600,17.0800
375.0000,305.7900,17.9500,-3.6700,17.9700
425.0000,305.9200,17.8600,-3.5100,18.8800
475.0000,306.0700,17.7500,-3.2300,19.8500
525.0000,306.2400,17.6300,-3.1580,21.8474
575.0000,306.4300,17.5000,-2.8504,19.6520
625.0000,306.6100,17.3900,-3.7278,23.9078
675.0000,306.7500,17.3200,-2.2266,26.5032
725.0000,306.8600,17.2300,-2.2662,25.6731
775.0000,306.9400,17.0800,-0.5253,25.5443
825.0000,307.0200,16.9000,-0.1230,24.9734
875.0000,307.0700,16.6600,-1.4865,27.0088
925.0000,307.1219,16.3800,1.4662,24.6663
975.0000,307.2380,15.7544,2.0772,23.5531
1025.0000,307.2539,15.6690,2.8233,26.6709
1075.0000,307.6886,17.1587,2.6130,24.9910
1125.0000,308.1004,14.9443,2.0261,26.0100
1175.0000,307.8741,16.1602,3.5934,30.2811
1225.0000,307.9749,15.6184,2.8045,25.9170
1275.0000,308.3108,13.8156,4.5535,27.6188
1325.0000,308.2145,14.3322,8.5629,23.8071
1375.0000,308.3120,13.8091,6.0511,24.6550
1425.0000,308.7329,14.9587,6.7847,26.6920
1475.0000,309.0720,14.0495,8.8809,26.7456
1525.0000,309.9111,14.9734,6.9529,27.7554
1575.0000,310.8156,10.1593,9.8337,28.5117
1625.0000,312.8276,11.8218,11.0633,27.5059
1675.0000,313.2443,9.6252,13.9495,25.8398
1725.0000,313.3660,8.9850,10.8865,29.6275
1775.0000,313.4804,8.3832,14.7635,25.3016
1825.0000,313.7241,7.1034,15.2186,23.8447
1875.0000,313.4631,8.4741,17.4240,25.3627
1925.0000,313.3309,9.1695,17.3037,24.6087
1975.0000,313.8840,6.2644,15.3626,25.0012
2025.0000,314.3473,3.8393,12.6197,24.9912
2075.0000,313.9695,5.8167,15.6821,22.3705
2125.0000,314.0259,5.5209,15.7459,21.9859
2175.0000,314.0197,5.5536,17.8277,23.9041
2225.0000,314.0368,5.4639,18.1122,22.2928
2275.0000,313.9356,5.9939,16.8916,21.0603
2325.0000,314.1263,4.9954,16.6803,18.4812
2375.0000,314.0977,5.1450,19.2726,21.9969
2425.0000,314.1825,4.7012,19.3653,19.8010
2475.0000,314.3599,3.7731,19.4386,18.5751
2525.0000,313.9961,5.6772,19.2968,20.2707
2575.0000,314.0746,5.2661,20.0315,18.1329
2625.0000,314.4019,3.5538,17.7628,20.8167
2675.0000,314.4016,3.5555,19.8659,20.8434
2725.0000,314.0857,5.2075,20.7796,22.9867
2775.0000,314.3693,3.7241,22.1800,21.6400
2825.0000,314.8653,2.9299,20.3113,19.6157
2875.0000,314.6803,3.8952,22.7341,18.7172
2925.0000,314.7413,3.5767,22.1906,19.3639
2975.0000,314.9214,2.6373,23.3292,19.6558
3025.0000,314.7739,3.4067,24.7676,19.1240
3076.2700,315.0525,1.9538,22.0216,20.2091
3130.0600,315.0607,1.9110,21.8063,21.2266
3186.3900,314.7758,3.3967,22.3236,20.9413
3245.2500,315.1159,3.4759,22.2764,18.8906
3306.6500,315.1634,3.2283,22.8767,18.8861
3370.5700,315.1650,3.2198,24.0900,20.4991
3437.0300,316.4906,3.0888,24.3540,21.5253
3506.0100,316.6344,2.3426,20.4308,17.8826
3577.5300,316.5820,2.6143,21.7594,21.9697
3651.5800,316.5372,2.8470,25.4331,21.0027
3728.1600,316.6924,2.0422,23.3692,21.1778
3807.2800,316.5487,2.7873,20.9129,22.7838
3888.9200,318.4320,1.3987,18.8997,24.7704
3973.1000,318.4118,1.5026,18.0356,24.6079
4059.8100,318.2874,2.1440,19.8506,26.1599
4149.0500,318.2539,2.3171,19.3146,27.1477
4240.8200,319.5967,1.7295,18.1117,27.3466
4335.1300,319.6736,1.6972,19.9029,27.3424
4431.9600,319.5458,2.3539,18.9401,26.3665
4531.3300,319.7064,1.5289,17.1585,29.4971
4633.2300,319.6038,2.0557,19.9288,26.4105
4737.6600,319.6648,1.7426,19.0598,26.1118
4844.6200,319.7796,1.1532,17.0424,25.1659
4954.1100,319.9388,1.9798,19.7216,28.6837
5066.1400,319.9889,1.7230,17.5577,26.0472
5180.7000,319.9291,2.0297,18.8791,27.8899
5297.7800,322.2162,1.2796,19.4984,25.9312
5417.4100,322.1065,1.8383,17.0362,27.2309
5539.5600,322.1689,1.5203,18.0521,27.6573
5664.2400,322.2756,0.9772,19.2519,24.7287
5791.4600,322.3187,0.7581,17.8135,25.1708
5921.2000,322.2605,1.0539,19.4641,23.2650
6053.4800,322.2522,1.0963,19.1468,24.9570
6188.2900,322.2602,1.0555,17.7181,22.1983
6325.6300,322.3134,0.7850,18.0356,25.7217
6465.5100,322.3317,0.6917,18.5101,23.6295
6607.9100,322.5123,0.5817,22.2248,22.1448
6752.8500,326.1012,0.5469,19.9225,22.9908
6900.3200,326.0953,0.5763,20.6963,26.3422
7050.3200,326.1896,0.3370,19.6803,20.8851
7202.8500,326.1583,0.4946,22.7700,25.9346
7357.9100,326.2088,0.2407,24.3993,24.3405
7515.5100,327.5941,0.2697,24.7525,20.3129
7675.6300,327.5902,0.2892,25.0695,27.0785
7838.2900,328.0685,0.2330,25.3679,23.6661
8003.4800,328.0775,0.1880,28.6824,21.8049
8171.2000,328.0786,0.1826,28.7410,18.7395
8341.4600,328.7945,0.0903,27.1191,21.3872
8514.2400,329.1851,0.1273,31.2385,22.2548
8689.5600,329.3680,0.1472,29.2334,22.0285
8867.4100,332.0499,0.0774,32.4438,20.4779
9047.7900,332.0512,0.0709,32.9721,19.8722
9230.7000,334.6647,0.1070,33.6398,21.7246
9416.1400,336.8982,0.0615,33.4117,21.7864
9604.1100,337.9735,0.0756,31.2800,19.7831
9794.6200,337.9729,0.0783,35.1674,17.8683
9987.6600,338.7709,0.1069,36.1904,17.3183
10183.2300,341.2952,0.0502,32.5413,16.1944
10381.3300,342.9589,0.0360,36.9961,14.2981
10581.9600,343.7000,0.0556,32.4509,17.6652
10785.1300,347.7236,0.1162,36.2556,17.0737
10990.8200,347.7306,0.0831,32.9810,13.1048
11199.0500,347.7371,0.0526,31.1783,10.5312
11409.8100,349.0476,0.0510,34.8262,12.6350
11623.1000,349.0529,0.0261,34.7209,12.8411
11838.9200,349.0521,0.0300,35.1569,9.0333
12057.2800,349.2700,0.0200,32.2785,8.4618
12278.1600,350.6400,0.0200,33.2056,7.6768
12501.5800,352.2300,0.0200,34.4636,7.5159
12727.5300,356.7100,0.0400,32.2262,6.5056
12956.0100,359.7100,0.0700,28.7131,5.7484
13187.0300,361.2300,0.0500,24.8917,4.8373
13420.5700,362.7600,0.0400,20.8624,9.3718
13656.6500,364.3100,0.0300,15.4775,11.2601
13895.2500,367.3800,0.0200,12.5244,13.1787
14136.3900,371.6400,0.0200,13.0305,15.6990
14380.0600,375.7000,0.0200,17.0533,14.6635
14626.2700,379.7500,0.0100,15.5542,12.1176
14875.0000,383.8500,0.0100,16.0975,14.3231
15125.0000,387.5500,0.0100,13.9772,11.8583
15375.0000,391.1000,0.0100,16.3133,12.7487
15625.0000,394.6600,0.0000,12.0072,7.6310
15875.0000,398.2100,0.0000,9.6385,9.7133
16125.0000,402.9100,0.0000,14.5178,11.1829
16375.0000,407.7900,0.0000,10.9598,8.9993
16625.0000,412.6800,0.0000,8.1465,9.7297
16875.0000,417.5600,0.0000,10.9395,8.2657
17125.0000,422.5000,0.0000,14.4711,9.8706
17375.0000,427.5000,0.0000,10.0879,9.1067
17625.0000,432.5000,0.0000,10.4634,8.0233
17875.0000,437.5000,0.0000,11.6844,9.1910
18000.0000,437.5000,0.0000,10.2416,5.8384
