944.96, 304.98,  18.95
25.0000,304.9800,18.9500,-2.2300,9.0600
75.0000,305.1300,18.6700,-2.8700,11.4800
125.0000,305.2700,18.4300,-3.3700,13.4800
175.0000,305.3700,18.3100,-3.5500,14.4800
225.0000,305.4700,18.2100,-3.6900,15.4200
275.0000,305.5600,18.1200,-3.7500,16.2400
325.0000,305.6700,18.0400,-3.7600,17.0800
375.0000,305.7900,17.9500,-3.6700,17.9700
425.0000,305.9200,17.8600,-3.5100,18.8800
475.0000,306.0700,17.7500,-3.2300,19.8500
525.0000,306.2400,17.6300,-3.9235,20.0750
575.0000,306.4300,17.5000,-4.3578,21.1752
625.0000,306.6100,17.3900,-3.0475,20.1350
675.0000,306.7500,17.3200,-3.3894,22.9941
725.0000,306.8600,17.2300,-2.3676,26.9697
775.0000,306.9400,17.0800,2.8182,26.5126
825.0000,307.0200,16.9000,0.3154,23.1224
875.0000,307.0700,16.6600,1.3114,21.7250
925.0000,307.1219,16.3800,3.3527,26.5782
975.0000,308.7401,15.6962,0.5158,25.4846
1025.0000,308.9147,14.7611,4.8174,23.8063
1075.0000,308.9020,14.8288,3.6021,25.3307
1125.0000,308.5463,16.7362,4.1514,26.3453
1175.0000,309.7364,14.3461,2.5422,27.0770
1225.0000,309.7283,14.4371,3.6200,27.3276
1275.0000,309.9444,13.2845,2.0175,26.9891
1325.0000,309.6895,14.6444,8.6169,25.3440
1375.0000,309.8942,13.5518,4.1888,28.9868
1425.0000,309.9227,13.4000,6.3227,26.0929
1475.0000,309.8784,13.6364,7.1600,28.1647
1525.0000,310.0086,12.9422,10.9816,28.4898
1575.0000,310.7773,13.4149,10.6774,28.3253
1625.0000,310.9869,12.3012,11.4973,25.4879
1675.0000,312.0221,10.4657,12.5064,25.5230
1725.0000,312.2823,9.0909,13.5338,27.3392
1775.0000,312.1797,9.6328,14.5340,24.1960
1825.0000,312.4905,9.5098,13.8405,26.3261
1875.0000,312.7679,8.0474,14.1879,24.8423
1925.0000,313.1191,6.7591,11.6325,27.4645
1975.0000,313.1644,6.5213,16.7233,24.8192
2025.0000,313.3038,5.7887,16.8466,26.4249
2075.0000,313.2287,6.1831,14.8740,24.2144
2125.0000,313.4749,4.8909,20.6591,25.3261
2175.0000,313.8115,7.1261,17.6591,22.5355
2225.0000,314.3674,4.2145,17.6510,21.7723
2275.0000,314.2531,4.8122,18.1256,22.9885
2325.0000,314.8324,6.6356,19.7518,22.3711
2375.0000,315.1689,4.8781,22.0445,21.3245
2425.0000,315.0985,5.2455,19.3631,23.6409
2475.0000,315.0512,5.4922,21.5484,21.3011
2525.0000,315.4304,3.5148,22.2538,20.6489
2575.0000,315.2919,4.2367,20.8419,20.7141
2625.0000,315.5067,3.1174,20.7794,21.6735
2675.0000,314.9809,5.8594,21.9831,21.2680
2725.0000,315.2886,4.2536,18.3151,19.1469
2775.0000,315.0947,5.2650,21.6563,18.9530
2825.0000,315.4295,3.5194,20.8158,20.0898
2875.0000,315.5094,3.1036,19.8007,18.5176
2925.0000,315.4564,3.3796,20.5945,19.6115
2975.0000,315.5894,2.6871,23.7097,18.0779
3025.0000,315.4882,3.2138,19.1932,20.7526
3076.2700,315.5695,2.7907,22.3328,20.3118
3130.0600,315.5123,3.0882,20.6801,21.4921
3186.3900,315.6158,2.5496,21.5511,17.9619
3245.2500,315.5019,3.1424,21.0770,19.3109
3306.6500,315.6758,2.2380,21.0486,20.8885
3370.5700,316.5508,1.8615,23.7439,20.8412
3437.0300,316.3294,3.0100,21.7774,21.3934
3506.0100,317.6224,1.9356,23.8331,22.2472
3577.5300,317.4488,2.8331,21.5277,19.2562
3651.5800,317.5029,2.5534,21.9014,18.6799
3728.1600,317.6082,2.0091,20.8487,18.6301
3807.2800,321.6894,1.4027,21.5538,20.6036
3888.9200,321.7295,1.1980,16.6834,25.5165
3973.1000,321.6517,1.5951,22.1677,27.2258
4059.8100,321.6300,1.7058,20.5802,25.7192
4149.0500,321.6322,1.6945,21.4223,26.8199
4240.8200,321.5920,1.8993,18.9805,26.5054
4335.1300,321.6877,1.4113,20.7510,24.3892
4431.9600,321.6159,1.7776,19.5791,26.9279
4531.3300,321.6878,1.4110,19.0785,28.5971
4633.2300,321.6144,1.7850,18.3490,27.1521
4737.6600,321.7481,1.1031,18.6255,29.6836
4844.6200,321.5813,1.9542,19.3793,27.0071
4954.1100,321.6998,1.3498,19.0997,26.9151
5066.1400,321.6655,1.5244,18.6309,26.8284
5180.7000,321.6310,1.7005,19.6574,25.6535
5297.7800,321.6264,1.7238,16.5765,25.1939
5417.4100,322.1374,1.4988,22.5695,24.7730
5539.5600,322.2340,1.0066,18.9746,23.2956
5664.2400,322.1727,1.3189,17.2498,26.0693
5791.4600,322.1572,1.3978,18.2268,24.2015
5921.2000,322.1995,1.1826,21.9383,26.1398
6053.4800,322.9189,0.9826,18.6799,25.0868
6188.2900,322.9572,0.7885,17.1695,25.2514
6325.6300,322.9417,0.8671,21.2082,25.8560
6465.5100,323.0069,0.5360,20.6255,26.2649
6607.9100,323.4523,0.5721,19.4614,23.2381
6752.8500,323.9830,0.6485,21.0818,23.1073
6900.3200,324.9702,0.3866,23.6946,23.1931
7050.3200,324.9679,0.3981,23.7308,24.5678
7202.8500,326.6849,0.4254,20.7053,24.5978
7357.9100,328.5596,0.3211,20.3731,22.9045
7515.5100,328.5810,0.2142,20.8640,23.1974
7675.6300,328.5321,0.4583,25.7776,24.5358
7838.2900,329.6899,0.2039,25.4945,23.5746
8003.4800,329.7126,0.0907,27.3796,23.1964
8171.2000,329.7043,0.1320,27.7866,22.7112
8341.4600,332.7885,0.0885,28.9585,21.1543
8514.2400,334.2287,0.0594,31.9115,22.3137
8689.5600,334.2219,0.0926,29.8960,20.6698
8867.4100,334.2274,0.0657,31.1082,19.9197
9047.7900,334.2205,0.0996,32.4836,20.0328
9230.7000,334.2175,0.1141,32.8640,23.9381
9416.1400,336.6779,0.0652,32.4351,22.5078
9604.1100,338.4420,0.1014,34.2693,18.9260
9794.6200,340.4993,0.0907,33.5461,17.9620
9987.6600,340.4944,0.1141,34.1815,19.2811
10183.2300,341.8725,0.0963,33.6340,18.8322
10381.3300,341.8821,0.0502,36.2478,22.3529
10581.9600,345.4441,0.0517,31.5874,15.6144
10785.1300,349.0994,0.1009,33.0024,16.4433
10990.8200,349.6572,0.0519,33.1993,13.4991
11199.0500,349.6628,0.0255,32.0867,12.9640
11409.8100,349.6617,0.0307,33.7293,13.0521
11623.1000,349.6642,0.0190,33.4053,11.6820
11838.9200,349.6619,0.0300,34.7232,10.3675
12057.2800,349.6640,0.0200,34.8826,9.7932
12278.1600,350.6400,0.0200,36.9735,11.2409
12501.5800,352.2300,0.0200,35.4204,8.0317
12727.5300,356.7100,0.0400,33.2293,6.0388
12956.0100,359.7100,0.0700,27.8351,4.9219
13187.0300,361.2300,0.0500,24.1091,7.6433
13420.5700,362.7600,0.0400,20.3880,7.6842
13656.6500,364.3100,0.0300,18.4073,7.1363
13895.2500,367.3800,0.0200,15.8283,9.0261
14136.3900,371.6400,0.0200,14.5448,17.5148
14380.0600,375.7000,0.0200,11.4319,15.4607
14626.2700,379.7500,0.0100,18.2150,13.2936
14875.0000,383.8500,0.0100,16.7674,12.4500
15125.0000,387.5500,0.0100,17.5317,9.9788
15375.0000,391.1000,0.0100,16.7191,10.3119
15625.0000,394.6600,0.0000,12.3660,7.3847
15875.0000,398.2100,0.0000,13.9236,7.0147
16125.0000,402.9100,0.0000,10.1536,9.4637
16375.0000,407.7900,0.0000,10.3789,9.6325
16625.0000,412.6800,0.0000,11.0242,9.2968
16875.0000,417.5600,0.0000,9.5502,10.9160
17125.0000,422.5000,0.0000,13.3530,10.1773
17375.0000,427.5000,0.0000,11.2901,9.5462
17625.0000,432.5000,0.0000,9.9826,9.1674
17875.0000,437.5000,0.0000,9.7716,7.1014
18000.0000,437.5000,0.0000,11.2452,6.7565
