944.96, 304.98,  18.95
25.0000,304.9800,18.9500,-2.2300,9.0600
75.0000,305.1300,18.6700,-2.8700,11.4800
125.0000,305.2700,18.4300,-3.3700,13.4800
175.0000,305.3700,18.3100,-3.5500,14.4800
225.0000,305.4700,18.2100,-3.6900,15.4200
275.0000,305.5600,18.1200,-3.7500,16.2400
325.0000,305.6700,18.0400,-3.7600,17.0800
375.0000,305.7900,17.9500,-3.6700,17.9700
425.0000,305.9200,17.8600,-3.5100,18.8800
475.0000,306.0700,17.7500,-3.2300,19.8500
525.0000,306.2400,17.6300,-5.1010,18.6161
575.0000,306.4300,17.5000,-0.6762,21.4402
625.0000,306.6100,17.3900,-2.9415,24.8264
675.0000,306.7500,17.3200,1.6851,23.6755
725.0000,306.8600,17.2300,0.2080,22.6757
775.0000,306.9400,17.0800,-2.2166,24.1291
825.0000,307.0200,16.9000,0.2424,24.8028
875.0000,307.0700,16.6600,0.1077,27.4323
925.0000,307.1219,16.3800,0.2939,25.1918
975.0000,309.1549,18.1061,3.4212,24.6412
1025.0000,309.7009,15.1844,4.7677,24.9732
1075.0000,309.7503,14.9206,4.3569,22.9300
1125.0000,309.8395,14.4441,3.2276,27.8686
1175.0000,310.9326,15.3303,4.8715,25.5323
1225.0000,311.0734,14.5812,5.6055,23.5719
1275.0000,311.0466,14.7235,6.5535,27.5343
1325.0000,310.7780,16.1533,6.2868,27.3673
1375.0000,311.1860,13.9826,8.8620,25.0446
1425.0000,311.2934,13.4120,6.5949,28.0168
1475.0000,311.3969,12.8630,10.3178,25.2996
1525.0000,311.5335,12.1387,10.3506,25.7539
1575.0000,312.1613,9.8997,10.0640,28.3902
1625.0000,311.7313,12.1747,9.0109,29.1004
1675.0000,312.7129,10.6759,9.6244,25.2553
1725.0000,313.0282,9.0135,12.3713,26.5625
1775.0000,313.1081,10.8183,15.3207,25.9756
1825.0000,313.9802,6.2346,15.5563,22.2969
1875.0000,313.8957,6.6779,13.9817,24.1282
1925.0000,313.8422,6.9585,15.7455,27.6426
1975.0000,314.3327,9.1493,17.2939,24.2627
2025.0000,314.9046,6.1554,16.8364,24.7967
2075.0000,314.6761,7.3502,13.6007,22.0720
2125.0000,314.7619,6.9014,14.9185,22.9760
2175.0000,315.2723,4.2362,16.5647,22.3066
2225.0000,314.9577,5.8777,17.9576,22.4045
2275.0000,314.9069,6.1435,20.2491,20.0045
2325.0000,315.2578,4.3117,17.9402,22.2736
2375.0000,315.0185,5.5607,21.8496,21.7433
2425.0000,314.9987,5.6636,19.2852,22.2149
2475.0000,316.0267,4.6383,19.2509,21.6162
2525.0000,315.8723,5.5201,20.2712,18.8216
2575.0000,316.0632,4.5268,22.9338,21.9662
2625.0000,316.1573,4.0374,19.8706,20.4515
2675.0000,316.1340,4.1584,21.4805,22.4762
2725.0000,316.0838,4.4196,18.8794,18.2737
2775.0000,315.9820,5.2408,23.9324,23.6403
2825.0000,316.1329,4.4559,21.7122,21.0092
2875.0000,316.3165,3.5018,18.6895,17.3609
2925.0000,316.3598,3.2769,22.6705,23.1705
2975.0000,316.2971,3.6024,23.6501,24.9923
3025.0000,316.5424,2.3293,19.2305,17.8895
3076.2700,316.5108,2.4935,21.2269,17.1080
3130.0600,316.6340,1.8545,23.1924,17.3567
3186.3900,316.4880,2.6114,23.6901,23.2319
3245.2500,317.1208,1.9345,21.9407,18.6771
3306.6500,317.1346,1.8631,20.4849,19.0312
3370.5700,317.2936,1.0403,23.9236,20.9504
3437.0300,317.0209,2.4514,24.3306,19.6994
3506.0100,317.1846,1.6043,24.0193,18.9914
3577.5300,317.0905,3.1496,23.8778,22.3246
3651.5800,317.4004,2.4861,22.6471,22.0760
3728.1600,317.6946,0.9654,25.4085,20.0389
3807.2800,320.2665,2.1129,21.1555,24.8158
3888.9200,320.2073,2.4162,18.9296,27.6509
3973.1000,320.8570,1.4566,15.9602,25.3086
4059.8100,320.8422,1.5323,18.4959,26.2985
4149.0500,320.8741,1.3694,21.3069,26.6856
4240.8200,320.7127,2.1948,18.7753,24.8509
4335.1300,320.9274,1.0969,21.2150,25.9762
4431.9600,320.7171,2.1722,18.7436,25.4422
4531.3300,320.8673,1.4042,18.9646,24.1706
4633.2300,321.0142,0.6533,20.7496,25.2871
4737.6600,320.7049,2.2345,17.8945,24.8636
4844.6200,320.8319,1.5851,15.7464,25.7951
4954.1100,320.9385,1.0401,17.8643,27.1806
5066.1400,320.9101,1.6664,20.4637,22.4277
5180.7000,320.8873,1.7831,16.4525,26.3109
5297.7800,320.9953,1.2308,16.1704,28.1279
5417.4100,320.9033,1.7014,19.0669,27.6135
5539.5600,321.4675,1.3295,16.5739,29.2065
5664.2400,322.7969,1.4756,17.0813,27.6540
5791.4600,322.8851,1.0276,15.6588,26.2954
5921.2000,322.8729,1.0894,21.3464,25.8516
6053.4800,323.5578,0.8509,18.6322,25.5734
6188.2900,323.5510,0.8851,19.4096,25.0120
6325.6300,323.7406,0.4336,18.9771,22.3777
6465.5100,325.1521,1.0164,19.1407,22.9009
6607.9100,325.2841,0.3509,24.4690,24.2952
6752.8500,325.2492,0.5270,20.9982,25.9419
6900.3200,326.5521,0.3897,24.4005,21.3881
7050.3200,326.6036,0.1314,23.8749,26.9766
7202.8500,327.9931,0.3975,24.8691,23.5602
7357.9100,327.9711,0.5075,22.0507,21.9335
7515.5100,327.9919,0.4035,25.7088,21.8348
7675.6300,328.7538,0.1197,24.6080,26.7497
7838.2900,328.7635,0.0711,26.2672,23.7759
8003.4800,328.7427,0.1750,26.2783,22.5551
8171.2000,328.9559,0.1523,29.5375,23.0839
8341.4600,330.0529,0.1606,28.8501,22.9302
8514.2400,330.0656,0.0976,30.9869,23.5267
8689.5600,330.0677,0.0874,28.8939,21.0894
8867.4100,331.4309,0.1072,31.9874,22.4122
9047.7900,333.1504,0.0949,32.8207,17.8200
9230.7000,335.2000,0.0731,33.7447,18.6438
9416.1400,338.4385,0.1310,35.1781,21.1212
9604.1100,338.6602,0.0556,33.8987,20.8138
9794.6200,338.7122,0.1162,35.8142,20.5350
9987.6600,342.1966,0.0626,35.1800,17.4903
10183.2300,342.3717,0.0374,33.6923,18.0917
10381.3300,342.3658,0.0656,34.0921,16.3660
10581.9600,346.1263,0.0748,35.7696,14.4847
10785.1300,346.9447,0.1171,33.9081,13.9010
10990.8200,349.1909,0.0401,30.4230,12.5485
11199.0500,349.1925,0.0328,31.2282,11.7967
11409.8100,349.1933,0.0289,32.5914,13.9066
11623.1000,350.1046,0.0541,32.9054,11.9389
11838.9200,350.1098,0.0300,32.1484,11.6265
12057.2800,350.1119,0.0200,33.1748,9.8235
12278.1600,350.6400,0.0200,33.7168,9.1738
12501.5800,352.2300,0.0200,32.5759,8.8183
12727.5300,356.7100,0.0400,34.5542,8.2126
12956.0100,359.7100,0.0700,30.1758,6.1762
13187.0300,361.2300,0.0500,22.3436,6.1990
13420.5700,362.7600,0.0400,20.8040,8.3074
13656.6500,364.3100,0.0300,16.2136,7.5533
13895.2500,367.3800,0.0200,15.9075,11.0342
14136.3900,371.6400,0.0200,15.8758,14.9441
14380.0600,375.7000,0.0200,14.3054,17.2326
14626.2700,379.7500,0.0100,18.9113,13.0411
14875.0000,383.8500,0.0100,17.4326,15.0219
15125.0000,387.5500,0.0100,13.5293,9.6086
15375.0000,391.1000,0.0100,14.9972,11.2314
15625.0000,394.6600,0.0000,15.1031,9.3024
15875.0000,398.2100,0.0000,8.4087,7.0812
16125.0000,402.9100,0.0000,11.6584,10.5807
16375.0000,407.7900,0.0000,9.4977,6.3153
16625.0000,412.6800,0.0000,10.0624,8.8875
16875.0000,417.5600,0.0000,8.0620,9.7633
17125.0000,422.5000,0.0000,12.1999,7.4234
17375.0000,427.5000,0.0000,8.7022,9.4879
17625.0000,432.5000,0.0000,6.0404,9.5420
17875.0000,437.5000,0.0000,11.8059,12.4963
18000.0000,437.5000,0.0000,12.5580,9.4559
