944.96, 304.98,  18.95
25.0000,304.9800,19.1079,-2.2300,9.0600
75.0000,305.1300,18.8234,-2.8700,11.4800
125.0000,305.2700,18.5779,-3.3700,13.4800
175.0000,305.3700,18.4485,-3.5500,14.4800
225.0000,305.4700,18.3390,-3.6900,15.4200
275.0000,305.5600,18.2391,-3.7500,16.2400
325.0000,305.6700,18.1499,-3.7600,17.0800
375.0000,305.7900,18.0517,-3.6700,17.9700
425.0000,305.9200,17.9539,-3.5100,18.8800
475.0000,306.0700,17.8376,-3.2300,19.8500
525.0000,306.2400,17.7123,-3.4794,19.5940
575.0000,306.4300,17.5781,-2.0118,22.8339
625.0000,306.6100,17.4631,-1.4930,22.6564
675.0000,306.7500,17.3861,-1.1200,23.0920
725.0000,306.8600,17.2888,-3.9292,23.7983
775.0000,306.9400,17.1322,0.6401,25.1672
825.0000,307.0200,16.9465,-0.4165,21.1640
875.0000,307.0700,16.7017,1.4089,23.5883
925.0000,307.1219,16.4182,-0.6479,23.3910
975.0000,307.3300,17.3398,-1.1173,20.8472
1025.0000,307.2649,17.0406,3.0149,22.1785
1075.0000,308.6243,16.7971,5.5196,24.3777
1125.0000,308.2764,17.2370,5.6366,24.6784
1175.0000,308.7989,16.6823,2.4134,24.3773
1225.0000,309.1228,14.9837,2.8600,25.7634
1275.0000,309.1373,14.8978,5.2994,27.2234
1325.0000,308.7987,16.0864,3.4911,26.4996
1375.0000,309.0652,15.9400,8.9143,26.1125
1425.0000,309.5173,15.3122,9.4195,27.5617
1475.0000,309.9719,12.9325,9.1944,27.4051
1525.0000,309.6831,14.4308,10.1273,29.4343
1575.0000,310.8796,12.3690,11.2255,27.2096
1625.0000,311.0807,11.3101,11.2883,27.1007
1675.0000,311.2465,12.5317,10.8433,26.8221
1725.0000,311.8744,9.2401,11.1144,24.4137
1775.0000,311.7777,9.7416,12.1322,27.2454
1825.0000,312.0093,8.5305,15.1207,30.4023
1875.0000,312.5127,6.9975,15.3689,25.9471
1925.0000,313.3756,9.8669,19.4265,24.7978
1975.0000,313.8770,7.2390,16.1917,24.2717
2025.0000,313.7566,7.8651,18.9472,24.6870
2075.0000,313.7502,7.8939,16.1433,25.1484
2125.0000,314.1957,5.5530,20.7465,25.6215
2175.0000,313.8031,7.6077,17.7687,24.3680
2225.0000,314.3047,4.9729,16.8973,22.6972
2275.0000,314.0556,6.3480,17.8358,21.8363
2325.0000,314.0823,6.2045,17.7967,22.7632
2375.0000,313.9137,7.0831,17.9105,20.9429
2425.0000,314.1713,5.7317,19.1284,22.6997
2475.0000,314.4769,4.1251,19.5166,23.4111
2525.0000,314.1114,6.0396,19.5629,21.5028
2575.0000,314.9943,4.6640,16.3084,22.7345
2625.0000,315.1031,4.0915,19.4738,19.1392
2675.0000,315.1570,3.8067,21.1474,21.9704
2725.0000,315.1278,5.1468,23.5009,18.7199
2775.0000,315.0434,5.5848,20.8064,20.2446
2825.0000,314.9996,5.8103,24.3558,17.6460
2875.0000,315.2675,4.4105,20.4515,19.7710
2925.0000,315.5870,2.7363,21.6090,21.4669
2975.0000,316.1302,4.6562,20.2693,19.4500
3025.0000,316.1468,4.5678,18.7455,17.7574
3076.2700,316.4734,2.8633,22.5354,16.6164
3130.0600,316.4449,3.0102,23.0003,20.6653
3186.3900,316.7718,1.3001,22.2303,18.3652
3245.2500,316.4361,3.0533,20.9565,16.8502
3306.6500,316.3002,3.7594,22.5616,19.1551
3370.5700,316.5157,2.6355,23.0674,20.2271
3437.0300,316.5032,2.6992,23.5776,19.4673
3506.0100,317.3153,3.4606,19.9034,19.5822
3577.5300,317.5787,2.0909,24.2374,19.8882
3651.5800,317.3003,3.5344,22.5939,21.0203
3728.1600,317.4289,2.8660,22.4723,22.8619
3807.2800,317.5346,2.3162,21.5527,23.7289
3888.9200,318.0154,2.2417,18.8054,26.2201
3973.1000,318.4802,3.0096,21.6004,23.9205
4059.8100,318.6806,1.9724,20.7306,26.9250
4149.0500,318.4994,2.9072,20.5754,28.0387
4240.8200,320.4957,2.3428,20.2940,27.1820
4335.1300,320.6137,1.7353,18.6491,26.0908
4431.9600,320.5850,1.8816,17.3225,27.2209
4531.3300,320.4816,2.4109,21.6181,24.3043
4633.2300,320.6312,1.6424,18.4842,26.8802
4737.6600,320.5404,2.1072,18.3158,26.4049
4844.6200,320.6138,1.7301,19.6966,26.5338
4954.1100,320.7819,1.1428,16.4968,24.6050
5066.1400,320.6356,1.8920,20.1716,27.0603
5180.7000,320.6926,1.5993,17.8192,25.5543
5297.7800,320.6683,1.7230,16.8187,28.9201
5417.4100,321.0028,1.4927,17.9379,25.6365
5539.5600,320.9210,1.9103,18.3266,27.6902
5664.2400,321.0552,1.2236,18.9772,24.0939
5791.4600,321.0104,1.4520,18.1356,26.4340
5921.2000,321.0266,1.3688,20.1761,25.9392
6053.4800,321.1482,1.1489,17.5142,27.0060
6188.2900,323.9508,1.2446,17.9372,24.3284
6325.6300,323.9965,1.0126,20.5231,24.3676
6465.5100,324.0606,0.6876,21.4010,23.7509
6607.9100,324.0431,0.7765,21.0196,25.2322
6752.8500,326.2248,0.4928,21.7168,22.5043
6900.3200,326.2264,0.4846,23.0615,25.0623
7050.3200,326.2258,0.4873,22.5467,25.2943
7202.8500,327.8485,0.4293,23.2518,23.7050
7357.9100,327.8472,0.4355,22.5441,27.2673
7515.5100,327.9371,0.3556,22.0658,25.0493
7675.6300,327.9432,0.3251,28.9997,23.2261
7838.2900,327.9553,0.2643,26.8546,22.8386
8003.4800,331.1053,0.1598,26.7714,23.4618
8171.2000,331.1027,0.1725,28.7734,21.9825
8341.4600,331.0948,0.2115,29.9074,21.1322
8514.2400,331.3502,0.2307,26.8484,19.8088
8689.5600,331.3632,0.1661,28.4502,21.0773
8867.4100,332.1961,0.1242,31.4356,21.0280
9047.7900,333.6709,0.1392,29.4774,20.6333
9230.7000,333.6834,0.0781,32.1025,21.3789
9416.1400,337.1230,0.0872,33.3744,19.1683
9604.1100,338.9418,0.1661,39.3016,21.1282
9794.6200,340.1866,0.1237,33.8888,21.6018
9987.6600,340.1816,0.1477,35.2759,17.1376
10183.2300,341.3864,0.0963,32.5119,19.7226
10381.3300,341.3897,0.0805,34.8801,19.5471
10581.9600,344.3000,0.0973,33.1573,15.7692
10785.1300,345.0379,0.0725,33.6159,17.1036
10990.8200,346.3006,0.0797,33.3951,14.0462
11199.0500,347.1247,0.0797,32.1419,14.2431
11409.8100,347.1339,0.0359,33.3275,13.4552
11623.1000,347.1328,0.0414,32.3718,12.7908
11838.9200,348.5900,0.0300,32.7432,10.2074
12057.2800,349.2700,0.0200,33.2935,13.1041
12278.1600,350.6400,0.0200,34.4764,9.5195
12501.5800,352.2300,0.0200,34.9725,9.9717
12727.5300,356.7100,0.0400,31.9162,8.9190
12956.0100,359.7100,0.0700,31.0394,6.0854
13187.0300,361.2300,0.0500,24.0636,7.0331
13420.5700,362.7600,0.0400,22.5256,7.4528
13656.6500,364.3100,0.0300,16.8668,7.1085
13895.2500,367.3800,0.0200,17.0237,11.5965
14136.3900,371.6400,0.0200,16.6450,14.1263
14380.0600,375.7000,0.0200,15.6421,15.4429
14626.2700,379.7500,0.0100,16.2403,15.1355
14875.0000,383.8500,0.0100,17.6823,11.8601
15125.0000,387.5500,0.0100,16.4597,9.0341
15375.0000,391.1000,0.0100,11.1520,13.0895
15625.0000,394.6600,0.0100,14.2600,13.2453
15875.0000,398.2100,0.0100,11.2629,7.0734
16125.0000,402.9100,0.0100,11.1303,10.1482
16375.0000,407.7900,0.0100,12.1990,8.6025
16625.0000,412.6800,0.0100,10.0198,7.5069
16875.0000,417.5600,0.0100,12.4766,5.9762
17125.0000,422.5000,0.0100,10.8240,6.2265
17375.0000,427.5000,0.0100,8.2162,10.2268
17625.0000,432.5000,0.0100,10.6183,7.7598
17875.0000,437.5000,0.0100,9.7496,10.4196
18000.0000,437.5000,0.0100,11.7592,10.6158
