944.96, 304.98,  18.95
25.0000,304.9800,18.9500,-2.2300,9.0600
75.0000,305.1300,18.6700,-2.8700,11.4800
125.0000,305.2700,18.4300,-3.3700,13.4800
175.0000,305.3700,18.3100,-3.5500,14.4800
225.0000,305.4700,18.2100,-3.6900,15.4200
275.0000,305.5600,18.1200,-3.7500,16.2400
325.0000,305.6700,18.0400,-3.7600,17.0800
375.0000,305.7900,17.9500,-3.6700,17.9700
425.0000,305.9200,17.8600,-3.5100,18.8800
475.0000,306.0700,17.7500,-3.2300,19.8500
525.0000,306.2400,17.6300,-2.1443,20.2271
575.0000,306.4300,17.5000,-2.6605,20.2489
625.0000,306.6100,17.3900,0.3099,24.5033
675.0000,306.7500,17.3200,-0.1873,23.7058
725.0000,306.8600,17.2300,-1.3225,22.9883
775.0000,306.9400,17.0800,-1.0214,22.5846
825.0000,307.0200,16.9000,-0.1553,24.7925
875.0000,307.0700,16.6600,0.3899,24.4246
925.0000,307.1219,16.3800,1.0159,25.3485
975.0000,308.5005,14.5862,2.2348,22.0140
1025.0000,310.3935,15.5896,2.3484,22.7044
1075.0000,310.8924,12.9336,6.3377,26.9391
1125.0000,310.5124,14.9557,3.7419,25.6925
1175.0000,310.7052,13.9289,2.3173,28.0507
1225.0000,310.5445,14.7846,3.7731,26.6363
1275.0000,310.4001,15.5543,5.3435,27.0243
1325.0000,310.9024,12.8806,4.3831,27.0337
1375.0000,310.6005,14.4866,7.3590,27.6551
1425.0000,311.0240,14.9523,8.8964,30.3266
1475.0000,311.1785,14.1311,9.3143,23.9090
1525.0000,312.3230,12.7792,9.4524,27.4138
1575.0000,311.9799,14.5961,10.5154,27.5884
1625.0000,312.7262,10.6488,13.6715,28.1236
1675.0000,313.5755,11.0365,14.5835,26.6502
1725.0000,314.1604,7.9635,12.3789,29.1085
1775.0000,314.0186,8.7077,12.9547,25.7112
1825.0000,314.4036,6.6893,15.2081,22.2095
1875.0000,314.7964,4.6355,16.0425,26.6444
1925.0000,314.1001,8.2798,14.9771,25.2128
1975.0000,314.2423,7.5344,12.0612,23.9385
2025.0000,314.3337,7.0553,13.5159,24.9498
2075.0000,314.4249,6.5779,17.2773,25.4164
2125.0000,315.3302,6.0334,18.9094,25.0241
2175.0000,315.1289,7.0842,16.0282,25.5644
2225.0000,315.5175,5.0565,20.0529,22.5374
2275.0000,315.4128,5.6027,16.9790,23.1599
2325.0000,315.4055,5.6404,17.9042,22.3362
2375.0000,315.3860,5.7420,20.0661,23.3384
2425.0000,315.4227,5.5510,18.7409,22.3299
2475.0000,315.3889,5.7272,19.2010,22.0634
2525.0000,315.1870,6.7809,19.0197,22.4900
2575.0000,315.4716,6.8745,20.1727,19.5103
2625.0000,316.2017,3.0731,21.0305,19.7595
2675.0000,316.1931,3.9160,20.5244,19.3088
2725.0000,316.0001,4.9197,18.4736,21.0217
2775.0000,316.0625,4.5951,19.3401,21.8955
2825.0000,316.4100,2.7900,21.9629,20.3139
2875.0000,315.9196,5.3388,21.2989,21.3731
2925.0000,316.0700,4.5561,19.7025,21.2492
2975.0000,316.3014,3.3538,21.3917,19.8020
3025.0000,316.4988,2.3290,21.0545,20.7558
3076.2700,318.1720,2.7148,23.3987,20.0679
3130.0600,318.4156,1.4583,19.9601,17.6026
3186.3900,318.1964,2.5886,19.3783,19.4084
3245.2500,318.0474,3.3579,22.6330,19.6425
3306.6500,318.1892,2.6261,22.1448,21.7643
3370.5700,318.2490,2.3172,23.9904,18.5077
3437.0300,318.4687,1.1848,22.2898,18.8998
3506.0100,318.3035,2.0364,23.6790,18.5938
3577.5300,318.3327,1.8859,22.2177,23.8323
3651.5800,318.3237,1.9322,23.8958,21.3582
3728.1600,318.4412,1.3268,20.8973,20.4401
3807.2800,319.2713,1.9946,22.0482,21.6986
3888.9200,320.4182,2.1416,22.4963,24.6332
3973.1000,320.4495,1.9808,21.5622,26.2578
4059.8100,320.5048,1.6980,19.7997,28.1819
4149.0500,320.8625,1.9091,20.4880,26.8539
4240.8200,320.9485,1.4693,21.8766,27.4871
4335.1300,320.9885,1.2653,17.3004,24.1076
4431.9600,320.6972,2.7552,21.2379,27.4877
4531.3300,322.0474,0.6060,17.2143,26.2265
4633.2300,321.9023,1.3448,16.7924,24.7701
4737.6600,321.8705,1.5069,22.3037,22.5809
4844.6200,321.8776,1.4711,19.7248,28.4623
4954.1100,321.8163,1.7833,17.0687,26.9216
5066.1400,321.7847,1.9447,17.3926,25.3094
5180.7000,321.9356,1.1753,17.4500,27.8650
5297.7800,321.7922,1.9066,18.7649,27.8473
5417.4100,322.4488,1.7107,19.0602,29.2888
5539.5600,322.5351,1.2721,19.3815,28.9156
5664.2400,322.5321,1.2869,18.8689,27.2565
5791.4600,323.5004,1.1854,20.1655,24.8637
5921.2000,325.0325,0.8464,16.4807,24.2001
6053.4800,324.9785,1.1190,19.6081,24.1976
6188.2900,324.9780,1.1215,17.5982,23.8877
6325.6300,324.9796,1.1135,23.6561,23.5520
6465.5100,325.0558,0.7292,20.5113,23.3488
6607.9100,327.0667,0.5145,18.2373,24.8771
6752.8500,327.0739,0.4784,20.4554,25.4164
6900.3200,327.0551,0.5729,22.1459,24.8493
7050.3200,327.0744,0.4762,21.8051,24.8728
7202.8500,327.3924,0.0976,23.1739,24.9723
7357.9100,327.3373,0.3738,23.4219,24.2004
7515.5100,327.9687,0.1687,25.0525,25.0852
7675.6300,329.3816,0.1450,25.3533,22.9261
7838.2900,329.3594,0.2556,26.3930,25.7037
8003.4800,329.3673,0.2159,27.8024,20.4456
8171.2000,331.6362,0.1160,25.1726,25.5161
8341.4600,331.6426,0.0846,27.3450,26.0740
8514.2400,333.8793,0.0264,28.9004,17.8810
8689.5600,333.8570,0.1361,29.3196,20.6686
8867.4100,336.6529,0.0482,30.6773,20.8871
9047.7900,336.6505,0.0596,34.2876,20.9531
9230.7000,336.6401,0.1105,33.3697,19.7376
9416.1400,337.9880,0.0761,35.0339,22.2540
9604.1100,339.5773,0.1019,34.1394,19.3990
9794.6200,340.2966,0.1129,36.2532,19.5655
9987.6600,342.1674,0.1085,33.1139,17.8770
10183.2300,342.1723,0.0851,33.9911,16.1894
10381.3300,345.9786,0.1077,33.5493,15.9247
10581.9600,345.9816,0.0939,30.5627,15.9703
10785.1300,347.9817,0.1073,31.8644,15.5374
10990.8200,350.1355,0.0906,35.0243,12.7009
11199.0500,350.1478,0.0333,35.5649,14.4119
11409.8100,352.7282,0.0261,34.2424,12.1114
11623.1000,352.7257,0.0374,33.1242,9.3655
11838.9200,352.7273,0.0300,32.8557,11.0198
12057.2800,352.7295,0.0200,34.6547,11.9346
12278.1600,352.7295,0.0200,31.3838,11.1480
12501.5800,352.7295,0.0200,36.2015,11.8473
12727.5300,356.7100,0.0400,31.1465,9.5072
12956.0100,359.7100,0.0700,29.9374,6.1628
13187.0300,361.2300,0.0500,23.9970,10.2346
13420.5700,362.7600,0.0400,18.8163,6.6905
13656.6500,364.3100,0.0300,18.6227,6.8411
13895.2500,367.3800,0.0200,13.8105,11.9456
14136.3900,371.6400,0.0200,17.0410,16.3602
14380.0600,375.7000,0.0200,15.9240,13.0846
14626.2700,379.7500,0.0100,19.5157,14.0407
14875.0000,383.8500,0.0100,16.4758,14.7032
15125.0000,387.5500,0.0100,13.5024,11.6005
15375.0000,391.1000,0.0100,14.3691,9.9029
15625.0000,394.6600,0.0000,15.0709,7.0560
15875.0000,398.2100,0.0000,10.7654,8.0723
16125.0000,402.9100,0.0000,10.5727,8.2757
16375.0000,407.7900,0.0000,13.4628,11.0008
16625.0000,412.6800,0.0000,11.4371,7.6774
16875.0000,417.5600,0.0000,11.0712,9.5876
17125.0000,422.5000,0.0000,9.8593,9.4570
17375.0000,427.5000,0.0000,9.4119,11.1386
17625.0000,432.5000,0.0000,10.4847,13.7750
17875.0000,437.5000,0.0000,12.7362,9.6808
18000.0000,437.5000,0.0000,10.4379,8.5978
