944.96, 304.98,  18.95
25.0000,304.9800,19.1079,-2.2300,9.0600
75.0000,305.1300,18.8234,-2.8700,11.4800
125.0000,305.2700,18.5779,-3.3700,13.4800
175.0000,305.3700,18.4485,-3.5500,14.4800
225.0000,305.4700,18.3390,-3.6900,15.4200
275.0000,305.5600,18.2391,-3.7500,16.2400
325.0000,305.6700,18.1499,-3.7600,17.0800
375.0000,305.7900,18.0517,-3.6700,17.9700
425.0000,305.9200,17.9539,-3.5100,18.8800
475.0000,306.0700,17.8376,-3.2300,19.8500
525.0000,306.2400,17.7123,-2.9580,21.2396
575.0000,306.4300,17.5781,-2.9980,20.1211
625.0000,306.6100,17.4631,-4.8488,23.3372
675.0000,306.7500,17.3861,-2.3526,22.2876
725.0000,306.8600,17.2888,2.0604,24.5914
775.0000,306.9400,17.1322,-0.6703,24.0472
825.0000,307.0200,16.9465,1.4039,23.0662
875.0000,307.0700,16.7017,4.4801,22.0775
925.0000,307.1219,16.4182,2.0617,21.5603
975.0000,306.6682,16.8480,2.7552,24.0526
1025.0000,306.9594,16.7261,3.0023,24.2005
1075.0000,307.8275,14.3383,5.0784,24.4599
1125.0000,307.4435,16.3396,2.7138,24.4723
1175.0000,307.6098,15.4600,3.0415,25.6751
1225.0000,307.5160,15.6471,2.9216,25.7212
1275.0000,307.9594,15.7226,4.4358,26.2881
1325.0000,308.4536,15.7515,5.7034,27.1513
1375.0000,309.0150,15.8913,3.5142,25.9734
1425.0000,309.6699,12.8935,7.4065,29.6334
1475.0000,309.1067,15.1868,8.8095,29.4226
1525.0000,309.6197,13.1398,10.3839,26.5477
1575.0000,309.4315,14.2502,10.1004,26.3220
1625.0000,309.9240,11.6699,11.7197,26.1209
1675.0000,310.4122,11.0390,12.9752,27.9161
1725.0000,310.3228,11.5002,13.4082,26.5939
1775.0000,310.3385,11.4113,14.1961,27.6310
1825.0000,310.8105,8.9298,17.7068,25.3320
1875.0000,312.6332,7.5603,15.6064,27.2243
1925.0000,313.4881,7.4725,17.0986,25.7411
1975.0000,313.4697,7.5646,17.4918,23.4635
2025.0000,313.7923,5.8651,19.5464,28.0493
2075.0000,313.9504,5.0288,19.9428,23.0404
2125.0000,313.4384,7.7146,18.5022,23.5956
2175.0000,313.7675,5.9849,15.8109,27.3157
2225.0000,313.9047,5.2599,15.1874,22.5118
2275.0000,313.7231,6.2106,17.3454,21.0742
2325.0000,313.7105,7.9029,16.7866,23.1803
2375.0000,314.0394,6.1797,18.7367,21.0931
2425.0000,314.1972,5.3498,20.2566,22.8071
2475.0000,314.0584,6.0740,18.9359,21.4220
2525.0000,314.2053,5.3014,20.7175,21.7894
2575.0000,314.2718,4.9503,18.9412,19.0520
2625.0000,314.2469,6.2284,19.0982,22.3352
2675.0000,314.5618,4.5787,22.2985,19.3624
2725.0000,314.5045,4.8764,18.7280,20.9459
2775.0000,314.5362,4.7085,22.2431,23.0468
2825.0000,314.7701,4.4829,20.3367,21.3000
2875.0000,314.6999,5.0852,23.1356,19.0850
2925.0000,314.8756,4.1651,20.3897,20.3570
2975.0000,315.0178,3.4193,19.7012,21.0319
3025.0000,315.1518,2.7155,20.4924,18.4002
3076.2700,314.9463,3.7905,23.8148,20.1781
3130.0600,314.9403,3.8202,22.7185,21.1479
3186.3900,315.0360,3.3181,19.4509,18.1028
3245.2500,315.1992,2.4628,24.0586,19.4257
3306.6500,315.1430,2.7558,23.7608,17.6213
3370.5700,315.2463,2.2139,22.4484,19.5742
3437.0300,315.1920,2.4966,22.9692,20.5285
3506.0100,315.7375,3.4536,20.0510,21.1623
3577.5300,316.0951,2.1873,23.3700,18.6903
3651.5800,317.5002,3.5959,23.6993,19.0460
3728.1600,317.6162,2.9935,23.8557,21.2993
3807.2800,317.7006,2.5544,21.9812,23.8669
3888.9200,318.2476,2.1873,22.3364,25.8490
3973.1000,318.1678,2.5992,20.1351,25.5431
4059.8100,318.3196,1.8122,20.6819,25.6467
4149.0500,318.2093,2.3818,18.7352,29.2736
4240.8200,318.2464,2.1890,19.1756,27.8201
4335.1300,318.2998,1.9119,19.5464,26.5994
4431.9600,319.3048,2.2782,21.1482,25.6533
4531.3300,319.3996,1.7891,17.8175,22.5353
4633.2300,319.3444,2.0722,18.6745,25.1571
4737.6600,319.2931,2.3351,18.0652,23.9595
4844.6200,319.3672,1.9528,17.9548,29.4565
4954.1100,319.4595,1.4777,17.3759,24.0090
5066.1400,320.0737,1.9868,16.6488,22.9546
5180.7000,320.1436,1.6273,18.7407,27.1120
5297.7800,320.0358,2.1787,19.3848,28.2357
5417.4100,320.1862,1.4078,18.5527,25.6929
5539.5600,320.1815,1.4309,19.0184,26.4782
5664.2400,320.2536,1.0609,17.4400,27.5825
5791.4600,320.2436,1.1120,17.6993,25.8752
5921.2000,320.4650,1.2391,21.0295,24.9165
6053.4800,321.4686,1.0625,18.8005,25.6293
6188.2900,321.8597,1.2707,16.2655,25.0818
6325.6300,322.5216,0.7700,18.5089,24.1005
6465.5100,322.8717,0.6866,20.8985,24.2185
6607.9100,322.9577,0.8869,20.4976,21.4808
6752.8500,324.1662,0.3546,19.6058,25.0104
6900.3200,324.0977,0.7011,21.6443,24.5799
7050.3200,324.1640,0.3653,21.5131,24.2125
7202.8500,324.1725,0.3220,21.7927,23.9698
7357.9100,325.3290,0.3891,24.7483,23.6919
7515.5100,327.5400,0.1782,26.7535,20.8514
7675.6300,327.5306,0.2256,25.5074,21.7169
7838.2900,327.5356,0.2003,23.8728,25.1181
8003.4800,327.5241,0.2581,27.4769,25.2973
8171.2000,330.2568,0.1334,27.6623,22.5787
8341.4600,330.2666,0.0845,28.6912,23.5474
8514.2400,330.2601,0.1168,27.0792,19.8801
8689.5600,330.2519,0.1574,31.1363,21.1086
8867.4100,332.0402,0.1489,34.0543,21.5038
9047.7900,332.0513,0.0941,32.3538,21.1224
9230.7000,332.9123,0.1116,30.8638,22.4722
9416.1400,336.4298,0.0489,32.9683,20.7972
9604.1100,338.1159,0.0877,34.5699,19.2288
9794.6200,338.1044,0.1438,34.6582,17.3128
9987.6600,338.8010,0.0902,34.6485,16.2904
10183.2300,341.5602,0.0503,33.1680,18.9515
10381.3300,344.6763,0.0899,36.5295,15.1625
10581.9600,346.3808,0.0850,34.2878,16.6267
10785.1300,346.3794,0.0921,31.6867,15.4554
10990.8200,346.3836,0.0720,34.9080,16.7368
11199.0500,346.5980,0.0595,31.1861,15.4215
11409.8100,346.5985,0.0572,37.7073,10.9307
11623.1000,346.6016,0.0424,32.4483,12.6140
11838.9200,348.5900,0.0300,33.9672,9.0714
12057.2800,349.2700,0.0200,32.3734,12.4759
12278.1600,350.6400,0.0200,33.2325,8.1963
12501.5800,352.2300,0.0200,34.6320,9.2119
12727.5300,356.7100,0.0400,34.1792,6.3471
12956.0100,359.7100,0.0700,30.2692,6.2857
13187.0300,361.2300,0.0500,25.7340,6.5723
13420.5700,362.7600,0.0400,23.2380,7.8379
13656.6500,364.3100,0.0300,18.1977,6.3467
13895.2500,367.3800,0.0200,14.5721,10.3490
14136.3900,371.6400,0.0200,12.0636,16.7680
14380.0600,375.7000,0.0200,13.4967,14.0114
14626.2700,379.7500,0.0100,14.9058,10.2903
14875.0000,383.8500,0.0100,17.9500,10.1474
15125.0000,387.5500,0.0100,14.4662,12.1244
15375.0000,391.1000,0.0100,12.5634,12.3811
15625.0000,394.6600,0.0100,14.1512,7.3204
15875.0000,398.2100,0.0100,10.7937,9.3447
16125.0000,402.9100,0.0100,11.0024,9.0481
16375.0000,407.7900,0.0100,12.0855,8.4511
16625.0000,412.6800,0.0100,11.5012,9.5070
16875.0000,417.5600,0.0100,11.5826,7.8451
17125.0000,422.5000,0.0100,10.4356,9.7953
17375.0000,427.5000,0.0100,12.8660,8.9141
17625.0000,432.5000,0.0100,11.2986,10.4525
17875.0000,437.5000,0.0100,9.6690,5.6404
18000.0000,437.5000,0.0100,11.0630,9.7842
