944.96, 304.98,  18.95
25.0000,304.9800,19.1079,-2.2300,9.0600
75.0000,305.1300,18.8234,-2.8700,11.4800
125.0000,305.2700,18.5779,-3.3700,13.4800
175.0000,305.3700,18.4485,-3.5500,14.4800
225.0000,305.4700,18.3390,-3.6900,15.4200
275.0000,305.5600,18.2391,-3.7500,16.2400
325.0000,305.6700,18.1499,-3.7600,17.0800
375.0000,305.7900,18.0517,-3.6700,17.9700
425.0000,305.9200,17.9539,-3.5100,18.8800
475.0000,306.0700,17.8376,-3.2300,19.8500
525.0000,306.2400,17.7123,-5.1188,17.6752
575.0000,306.4300,17.5781,-3.5032,19.9462
625.0000,306.6100,17.4631,-1.8216,20.7190
675.0000,306.7500,17.3861,-1.6200,21.6559
725.0000,306.8600,17.2888,1.4598,23.5216
775.0000,306.9400,17.1322,2.1519,25.0720
825.0000,307.0200,16.9465,1.0137,23.9838
875.0000,307.0700,16.7017,1.3274,21.9358
925.0000,307.1219,16.4182,3.6541,24.5216
975.0000,307.2525,15.7229,1.5542,24.5029
1025.0000,307.3348,15.2806,1.5685,28.1126
1075.0000,307.6622,13.5501,2.8205,24.0324
1125.0000,307.2177,16.1602,5.0760,25.0549
1175.0000,307.7065,15.3545,5.1291,27.0608
1225.0000,308.0550,13.5179,2.2124,27.0746
1275.0000,310.0432,17.4312,2.3570,26.3622
1325.0000,310.2630,16.2813,5.0793,29.0000
1375.0000,310.9478,12.7052,4.1494,28.2086
1425.0000,310.3287,15.9184,7.4798,27.8761
1475.0000,310.5349,14.8382,6.3832,27.9120
1525.0000,310.6835,14.0562,9.6847,29.1761
1575.0000,311.1556,11.5851,7.0820,27.7494
1625.0000,310.6420,14.2539,10.8294,24.8329
1675.0000,310.8591,13.1166,13.9686,27.3101
1725.0000,311.3567,10.5113,14.4220,26.9779
1775.0000,311.9049,8.9659,14.0482,26.1475
1825.0000,311.9522,8.7120,14.6366,23.5363
1875.0000,311.6282,10.4041,16.8062,24.4912
1925.0000,312.1909,7.4475,12.6357,25.2722
1975.0000,312.5870,5.3538,13.0047,25.9859
2025.0000,312.6086,8.3750,17.4860,23.9743
2075.0000,312.9200,6.7364,19.1462,23.8264
2125.0000,312.6009,8.4056,15.5531,24.8989
2175.0000,312.7136,7.8115,18.5176,21.2917
2225.0000,312.9072,6.7923,19.8293,23.5876
2275.0000,313.4124,6.4200,20.4149,21.6774
2325.0000,313.5382,5.7565,18.6445,22.0967
2375.0000,313.4600,6.1636,17.3095,22.7767
2425.0000,313.7101,4.8473,17.5967,23.9095
2475.0000,313.6282,5.2752,20.6447,23.4827
2525.0000,313.7979,4.3810,19.6042,22.9342
2575.0000,313.5338,5.7646,20.4304,21.0034
2625.0000,313.7237,4.7664,19.5092,23.2560
2675.0000,313.7010,4.8831,20.8860,19.6203
2725.0000,313.8394,4.1548,20.7747,22.2286
2775.0000,313.8053,4.3318,19.8448,19.8786
2825.0000,313.9870,3.3757,20.7916,23.0827
2875.0000,313.9039,3.8110,20.4261,21.7588
2925.0000,313.9429,3.6047,21.3269,19.7355
2975.0000,313.9243,3.7009,18.9277,17.0934
3025.0000,313.9718,3.4497,22.2924,18.9297
3076.2700,314.0126,3.4426,21.7048,19.8118
3130.0600,314.3130,1.8634,24.1500,21.6802
3186.3900,314.3024,1.9183,26.3305,18.8567
3245.2500,315.6144,3.1866,22.9461,20.7236
3306.6500,315.4828,3.8710,23.4982,19.2976
3370.5700,315.8269,2.0732,23.1258,20.1827
3437.0300,315.8567,2.4291,27.0020,20.4156
3506.0100,315.9666,1.8538,24.4995,18.7467
3577.5300,315.8515,2.4540,23.5762,22.1328
3651.5800,316.7878,2.4822,24.3631,19.7439
3728.1600,317.0617,1.0544,24.8724,18.6131
3807.2800,316.7774,2.5337,20.4606,21.9001
3888.9200,319.0759,2.2986,19.1167,25.2700
3973.1000,319.0133,2.6207,19.6067,28.4273
4059.8100,319.0312,2.5268,19.4174,27.7526
4149.0500,319.0334,2.5140,20.0080,25.8733
4240.8200,319.1987,1.6601,19.0732,27.7079
4335.1300,319.2492,1.3983,20.5849,24.7242
4431.9600,319.2170,1.5636,19.6418,27.9861
4531.3300,319.1879,1.7130,19.6147,26.8836
4633.2300,319.2108,1.5941,19.7585,26.4239
4737.6600,319.1175,2.0737,21.5097,24.4996
4844.6200,319.6559,2.0693,16.1282,25.7955
4954.1100,319.7429,1.6212,18.7403,26.1831
5066.1400,319.7781,1.4396,19.2158,23.5965
5180.7000,319.8660,1.9934,17.4620,26.5094
5297.7800,320.4887,1.5274,17.2481,25.1448
5417.4100,320.4488,1.7312,19.7203,26.9550
5539.5600,320.4794,1.5739,18.5356,25.5478
5664.2400,320.4574,1.6861,19.3111,27.7396
5791.4600,320.5050,1.4418,22.5351,25.6065
5921.2000,320.5243,1.3426,21.7966,25.1868
6053.4800,320.5376,1.2742,18.4496,24.8374
6188.2900,320.9660,1.0149,21.3419,27.4870
6325.6300,320.9618,1.0362,19.6082,25.8424
6465.5100,322.4315,0.7379,19.1929,25.6856
6607.9100,325.2791,0.7454,21.4507,24.3873
6752.8500,325.2515,0.8846,20.8787,24.0678
6900.3200,325.3045,0.6171,22.5225,25.4610
7050.3200,325.3446,0.4145,21.6289,28.0855
7202.8500,325.3284,0.4963,20.7270,22.9212
7357.9100,325.3803,0.2343,27.0833,22.5192
7515.5100,325.3535,0.3695,25.3255,22.3080
7675.6300,329.2536,0.3997,23.8739,23.3059
7838.2900,329.2922,0.2072,25.3467,25.5644
8003.4800,329.2829,0.2533,27.2314,21.4812
8171.2000,329.3020,0.1581,26.8150,20.2869
8341.4600,329.2931,0.2024,29.6285,21.7169
8514.2400,330.8190,0.1296,30.6539,23.5134
8689.5600,330.8114,0.1675,28.5182,24.2399
8867.4100,330.8224,0.1128,30.5627,22.5009
9047.7900,330.8171,0.1393,28.0589,18.5923
9230.7000,334.2007,0.0861,31.5042,17.9654
9416.1400,335.6184,0.0632,32.9288,22.2074
9604.1100,338.9785,0.0543,34.7222,21.6836
9794.6200,338.9698,0.0963,34.9733,19.5268
9987.6600,338.9651,0.1192,34.7635,19.3413
10183.2300,340.6980,0.0205,36.0320,17.6968
10381.3300,342.4688,0.1145,34.6932,17.9833
10581.9600,343.7201,0.1180,34.7492,14.2612
10785.1300,344.0693,0.0640,32.0838,16.4599
10990.8200,348.0827,0.0584,28.5171,14.0565
11199.0500,348.0842,0.0513,30.6764,14.5461
11409.8100,348.0855,0.0451,33.9229,13.8546
11623.1000,349.3600,0.0481,36.8775,11.4853
11838.9200,349.3638,0.0300,32.9122,9.6528
12057.2800,349.3660,0.0200,33.2291,12.0558
12278.1600,350.6400,0.0200,32.5560,9.6597
12501.5800,352.2300,0.0200,36.5037,9.5245
12727.5300,356.7100,0.0400,30.5776,6.1542
12956.0100,359.7100,0.0700,27.1288,5.1292
13187.0300,361.2300,0.0500,24.4008,6.3557
13420.5700,362.7600,0.0400,19.7526,9.0052
13656.6500,364.3100,0.0300,16.1265,7.8486
13895.2500,367.3800,0.0200,16.3939,13.0585
14136.3900,371.6400,0.0200,14.8597,13.9896
14380.0600,375.7000,0.0200,14.0273,13.8348
14626.2700,379.7500,0.0100,15.8298,13.6056
14875.0000,383.8500,0.0100,14.8952,13.3840
15125.0000,387.5500,0.0100,17.6494,11.1120
15375.0000,391.1000,0.0100,12.1033,11.6766
15625.0000,394.6600,0.0100,11.1194,8.1679
15875.0000,398.2100,0.0100,10.4445,6.8178
16125.0000,402.9100,0.0100,12.3161,9.2311
16375.0000,407.7900,0.0100,14.7033,6.8382
16625.0000,412.6800,0.0100,11.2993,7.5319
16875.0000,417.5600,0.0100,11.8981,7.9595
17125.0000,422.5000,0.0100,10.7513,7.1801
17375.0000,427.5000,0.0100,13.8213,11.6597
17625.0000,432.5000,0.0100,11.8617,10.2499
17875.0000,437.5000,0.0100,12.9873,10.0936
18000.0000,437.5000,0.0100,9.3529,11.2362
