944.96, 304.98,  18.95
25.0000,304.9800,18.9500,-2.2300,9.0600
75.0000,305.1300,18.6700,-2.8700,11.4800
125.0000,305.2700,18.4300,-3.3700,13.4800
175.0000,305.3700,18.3100,-3.5500,14.4800
225.0000,305.4700,18.2100,-3.6900,15.4200
275.0000,305.5600,18.1200,-3.7500,16.2400
325.0000,305.6700,18.0400,-3.7600,17.0800
375.0000,305.7900,17.9500,-3.6700,17.9700
425.0000,305.9200,17.8600,-3.5100,18.8800
475.0000,306.0700,17.7500,-3.2300,19.8500
525.0000,306.2400,17.6300,-1.4709,19.9190
575.0000,306.4300,17.5000,-3.1757,23.2592
625.0000,306.6100,17.3900,-2.0382,23.0134
675.0000,306.7500,17.3200,-0.1362,25.0559
725.0000,306.8600,17.2300,-2.0527,20.9280
775.0000,306.9400,17.0800,-0.2021,22.9175
825.0000,307.0200,16.9000,-1.0846,25.4454
875.0000,307.0700,16.6600,-0.3264,24.5969
925.0000,307.1219,16.3800,0.8613,25.7635
975.0000,307.9147,14.8045,3.2815,22.1876
1025.0000,308.1309,13.6435,2.5074,25.4038
1075.0000,308.2122,13.2075,5.5767,26.0583
1125.0000,308.4262,16.1733,3.0207,26.8329
1175.0000,308.5829,15.3323,3.3845,25.0602
1225.0000,308.9416,13.4112,5.6512,25.2259
1275.0000,310.4561,14.8334,4.5482,26.2153
1325.0000,310.4860,14.6740,6.4976,27.5780
1375.0000,310.5357,14.4094,4.3875,26.0585
1425.0000,310.8453,12.7625,7.7936,25.7238
1475.0000,310.8318,12.8341,10.9103,27.6341
1525.0000,310.8223,12.8846,9.6285,25.7131
1575.0000,311.2026,11.5509,8.9532,25.1262
1625.0000,312.8250,10.2178,12.4090,28.4420
1675.0000,312.8402,10.1377,13.2080,25.6766
1725.0000,313.1653,8.4254,12.5221,26.3697
1775.0000,312.4498,12.1987,15.6532,25.1975
1825.0000,313.2434,8.0144,12.3080,24.1966
1875.0000,313.4132,7.1220,15.2108,26.4815
1925.0000,313.4798,6.7723,16.2297,26.6679
1975.0000,313.6538,5.8586,15.4275,25.1844
2025.0000,313.3567,7.4189,20.3103,24.2520
2075.0000,313.9269,4.8322,13.6188,25.4838
2125.0000,313.7902,5.5488,16.5033,25.7388
2175.0000,313.9743,4.5841,17.5508,26.6003
2225.0000,313.7392,5.8161,17.5800,22.9504
2275.0000,313.9836,4.5357,19.5314,22.5537
2325.0000,313.8711,5.1248,18.0857,22.2900
2375.0000,313.7995,5.5002,18.6005,22.5971
2425.0000,314.1772,3.5224,19.3144,23.9996
2475.0000,314.6636,4.4539,21.0091,21.9825
2525.0000,314.8719,3.3665,17.7052,21.0613
2575.0000,314.5935,4.8201,19.7074,20.5879
2625.0000,314.6327,4.6156,21.7833,20.2707
2675.0000,314.5474,5.0612,22.3232,19.5454
2725.0000,314.8747,3.3520,21.4446,20.5315
2775.0000,314.6972,4.2782,23.1901,20.9960
2825.0000,314.6229,4.6664,22.2316,21.7310
2875.0000,314.8428,3.5185,20.9649,18.0804
2925.0000,315.6363,3.8886,20.7554,19.0479
2975.0000,315.6708,3.7089,22.1433,20.3753
3025.0000,315.8064,3.0034,21.0586,20.7384
3076.2700,316.3062,3.0426,20.6095,16.9491
3130.0600,316.3562,2.7828,21.1013,18.8974
3186.3900,317.4443,2.1665,21.9629,19.0996
3245.2500,317.5024,1.8661,21.3737,22.0750
3306.6500,317.2854,2.9888,23.5288,20.4824
3370.5700,317.2432,3.2073,22.4997,23.4322
3437.0300,317.5352,1.6969,24.1236,21.8925
3506.0100,317.3475,2.6674,24.5282,19.7387
3577.5300,317.3081,2.8714,25.3574,21.6405
3651.5800,317.4266,2.2579,23.0230,21.5621
3728.1600,317.5004,1.8764,22.5448,21.6984
3807.2800,317.4925,1.9172,20.5204,24.8655
3888.9200,319.4508,2.2081,19.9940,30.4117
3973.1000,319.6117,1.3817,20.1054,29.7276
4059.8100,320.1769,1.2256,17.8057,26.9175
4149.0500,319.9387,2.4471,15.5318,25.7293
4240.8200,320.0044,2.1103,18.5232,27.8148
4335.1300,320.1152,1.5418,21.2458,24.5304
4431.9600,320.0676,1.7858,22.5439,24.8527
4531.3300,320.0752,1.7469,18.2978,26.4633
4633.2300,320.6154,2.5252,21.0992,26.0857
4737.6600,321.9086,2.0266,18.3900,29.0832
4844.6200,321.8600,2.2744,19.9303,27.5261
4954.1100,322.0312,1.4020,18.9078,22.6254
5066.1400,321.9816,1.6543,14.7027,25.8432
5180.7000,321.9643,1.7427,18.2251,29.1146
5297.7800,322.0451,1.3309,18.5418,26.6218
5417.4100,322.0325,1.3953,17.9711,28.6531
5539.5600,321.9752,1.6871,20.5792,25.8140
5664.2400,322.0507,1.3025,18.0447,27.3015
5791.4600,322.1095,1.0030,18.2912,26.5444
5921.2000,323.9639,0.8966,17.6242,25.4593
6053.4800,323.9003,1.2183,17.6706,24.5331
6188.2900,324.0086,0.6700,22.4193,22.2932
6325.6300,323.9763,0.8336,20.0234,25.1662
6465.5100,325.4616,0.6405,19.1641,25.3969
6607.9100,325.4598,0.6495,21.3111,24.8493
6752.8500,325.4994,0.4502,19.8361,23.4755
6900.3200,325.4698,0.5993,18.9698,23.1688
7050.3200,326.4241,0.6107,21.3335,24.6875
7202.8500,326.4573,0.4440,21.6822,21.0347
7357.9100,326.4713,0.3736,25.1869,22.0576
7515.5100,326.7145,0.2239,25.5454,24.3977
7675.6300,326.9204,0.1783,24.2400,23.4899
7838.2900,327.9024,0.1589,23.8472,25.3696
8003.4800,329.6508,0.3371,25.3385,25.0315
8171.2000,330.1512,0.0834,27.0156,26.3587
8341.4600,330.1434,0.1222,26.8318,22.2308
8514.2400,330.6336,0.0591,30.8737,23.2403
8689.5600,330.6445,0.0052,28.7200,24.0460
8867.4100,333.6979,0.0233,31.6688,19.4985
9047.7900,333.6748,0.1370,32.5520,22.0633
9230.7000,333.6839,0.0921,34.4380,22.5855
9416.1400,337.9232,0.0944,33.1969,20.9371
9604.1100,337.9360,0.0322,35.0119,18.4218
9794.6200,337.9255,0.0833,37.6463,22.1346
9987.6600,339.7610,0.0455,32.1621,16.1838
10183.2300,339.7505,0.0958,34.8743,17.8190
10381.3300,343.1830,0.0585,36.0909,19.1330
10581.9600,345.4130,0.0436,32.4903,17.5219
10785.1300,345.4135,0.0415,31.2619,13.9827
10990.8200,346.7753,0.0299,34.8960,15.2846
11199.0500,348.8634,0.0293,31.2494,11.2306
11409.8100,348.8607,0.0423,35.0297,13.3710
11623.1000,348.8662,0.0161,32.1375,9.5859
11838.9200,348.8633,0.0300,33.5198,9.8183
12057.2800,349.2700,0.0200,35.6089,10.8038
12278.1600,350.6400,0.0200,35.1638,10.0673
12501.5800,352.2300,0.0200,34.3476,8.0443
12727.5300,356.7100,0.0400,30.6407,4.3595
12956.0100,359.7100,0.0700,27.3240,5.1379
13187.0300,361.2300,0.0500,26.3909,5.5147
13420.5700,362.7600,0.0400,19.6462,6.6620
13656.6500,364.3100,0.0300,22.3477,8.5711
13895.2500,367.3800,0.0200,17.3166,9.1063
14136.3900,371.6400,0.0200,16.7140,16.3655
14380.0600,375.7000,0.0200,14.8418,12.8848
14626.2700,379.7500,0.0100,18.3064,11.8378
14875.0000,383.8500,0.0100,15.3356,11.4783
15125.0000,387.5500,0.0100,14.9546,11.2418
15375.0000,391.1000,0.0100,16.2497,10.6916
15625.0000,394.6600,0.0000,13.6798,11.1402
15875.0000,398.2100,0.0000,10.6083,11.0947
16125.0000,402.9100,0.0000,11.6935,9.3236
16375.0000,407.7900,0.0000,11.4650,9.0813
16625.0000,412.6800,0.0000,8.4041,6.3755
16875.0000,417.5600,0.0000,11.6822,7.0959
17125.0000,422.5000,0.0000,10.5530,7.8201
17375.0000,427.5000,0.0000,12.2297,6.2253
17625.0000,432.5000,0.0000,10.1509,9.7625
17875.0000,437.5000,0.0000,11.2230,9.9141
18000.0000,437.5000,0.0000,11.7504,8.8317
