944.96, 304.98,  18.95
25.0000,304.9800,18.9500,-2.2300,9.0600
75.0000,305.1300,18.6700,-2.8700,11.4800
125.0000,305.2700,18.4300,-3.3700,13.4800
175.0000,305.3700,18.3100,-3.5500,14.4800
225.0000,305.4700,18.2100,-3.6900,15.4200
275.0000,305.5600,18.1200,-3.7500,16.2400
325.0000,305.6700,18.0400,-3.7600,17.0800
375.0000,305.7900,17.9500,-3.6700,17.9700
425.0000,305.9200,17.8600,-3.5100,18.8800
475.0000,306.0700,17.7500,-3.2300,19.8500
525.0000,306.2400,17.6300,-1.9435,20.0712
575.0000,306.4300,17.5000,-0.2238,18.3867
625.0000,306.6100,17.3900,-1.6647,23.3342
675.0000,306.7500,17.3200,-2.7306,20.6130
725.0000,306.8600,17.2300,-2.1298,21.3619
775.0000,306.9400,17.0800,-1.7873,26.6383
825.0000,307.0200,16.9000,-0.5124,23.9981
875.0000,307.0700,16.6600,1.9268,26.5005
925.0000,307.1219,16.3800,1.8322,23.6761
975.0000,307.3767,15.9017,1.2065,23.9140
1025.0000,308.6830,16.2524,3.2791,23.9402
1075.0000,308.5185,17.1351,3.1998,27.7649
1125.0000,308.8824,15.1834,3.6834,23.7125
1175.0000,309.0828,14.1105,1.7759,27.8563
1225.0000,309.1082,13.9747,5.9446,25.6790
1275.0000,309.0944,14.0486,5.9394,26.6642
1325.0000,309.0484,14.2949,3.6100,27.1781
1375.0000,309.4455,12.1726,5.8778,25.8621
1425.0000,309.1406,13.8018,6.9108,25.7255
1475.0000,309.2596,13.1657,11.2102,23.8321
1525.0000,309.1923,13.5252,8.4089,26.0159
1575.0000,311.4132,12.7680,10.6857,24.9868
1625.0000,311.8946,10.2182,11.9266,26.4750
1675.0000,311.9221,10.0726,11.5838,26.5295
1725.0000,311.9990,9.6658,11.6695,28.9741
1775.0000,312.1098,9.0808,15.7266,27.1690
1825.0000,312.4817,7.1189,10.7701,26.0330
1875.0000,313.1403,6.7966,14.8598,26.1156
1925.0000,312.9744,7.6693,17.2720,25.2503
1975.0000,313.1306,6.8476,15.7705,24.9963
2025.0000,313.2185,7.4374,13.7904,23.9734
2075.0000,313.4157,6.4011,18.4462,26.1813
2125.0000,314.1192,5.3921,18.0457,24.5738
2175.0000,314.2634,4.6378,19.3844,22.8906
2225.0000,314.3978,3.9350,16.6720,22.1914
2275.0000,314.0666,5.6678,17.9294,23.6387
2325.0000,314.2040,4.9483,19.5415,23.9579
2375.0000,314.3150,4.3679,18.5262,26.0185
2425.0000,314.2722,4.5917,19.7617,22.3753
2475.0000,314.3451,4.2106,20.5128,21.2485
2525.0000,314.2486,4.7151,18.6396,23.1899
2575.0000,314.3633,4.1154,17.6272,23.3182
2625.0000,314.1126,5.4272,18.1529,19.3995
2675.0000,314.1611,5.1728,21.9813,20.9596
2725.0000,314.3561,4.1527,18.3795,20.0902
2775.0000,314.7195,2.2550,20.9637,19.0376
2825.0000,314.5652,3.0605,20.4318,19.8050
2875.0000,314.2881,4.5085,21.9092,17.5468
2925.0000,314.2334,4.7949,18.1076,21.6987
2975.0000,315.3878,3.6529,20.1604,20.0007
3025.0000,315.4539,3.3090,23.6472,23.4032
3076.2700,315.5770,2.6682,22.6695,21.5619
3130.0600,315.4475,3.3421,25.6281,19.6851
3186.3900,315.6949,2.0550,22.9556,21.3745
3245.2500,315.4651,3.2505,22.5525,20.2204
3306.6500,315.6157,2.4669,22.1661,19.8234
3370.5700,315.7853,1.5848,22.6221,19.5647
3437.0300,315.6975,2.0410,25.4760,21.7396
3506.0100,315.4963,3.0879,22.6711,16.0421
3577.5300,317.5200,1.4487,17.7198,18.9939
3651.5800,317.3572,2.2903,23.7987,21.8794
3728.1600,317.3531,2.3118,24.3055,21.4323
3807.2800,317.4731,1.6912,18.8255,23.0344
3888.9200,317.8164,2.6477,18.6120,26.0922
3973.1000,318.0838,1.5506,15.3162,28.6060
4059.8100,318.0677,1.6335,20.6669,24.3387
4149.0500,318.0798,1.5709,18.8350,24.4860
4240.8200,318.7254,1.8093,23.0954,24.9556
4335.1300,318.7137,1.8695,21.7986,22.9080
4431.9600,318.6656,2.1168,21.9668,25.4236
4531.3300,319.0480,1.3573,20.6087,24.7515
4633.2300,319.0074,1.5663,19.5790,26.2940
4737.6600,319.0480,1.4873,16.3385,25.2448
4844.6200,319.8006,1.7365,18.3156,27.8873
4954.1100,319.8325,1.5731,17.9770,27.9445
5066.1400,319.8492,1.4873,16.1160,25.7992
5180.7000,319.7911,1.7853,18.1537,25.3032
5297.7800,319.8912,1.2718,19.2910,28.6203
5417.4100,319.8067,1.7054,20.1480,23.4806
5539.5600,320.9674,0.9996,18.1081,26.2606
5664.2400,320.8608,1.5446,17.4111,26.4503
5791.4600,320.9514,1.0811,19.7616,26.5669
5921.2000,320.9832,0.9185,16.8016,26.8037
6053.4800,322.0632,1.0824,18.5174,24.5480
6188.2900,322.0669,1.0637,19.0306,24.8185
6325.6300,322.1060,0.8646,20.6388,26.6713
6465.5100,323.5856,0.7848,20.7367,25.8751
6607.9100,323.8633,0.7285,18.8622,22.1933
6752.8500,324.1813,0.6152,23.1633,24.9718
6900.3200,324.2465,0.2853,22.1939,24.6391
7050.3200,326.4456,0.2760,20.8099,23.9613
7202.8500,326.4424,0.2917,25.0075,25.2286
7357.9100,326.5654,0.3883,24.7946,24.6299
7515.5100,326.5829,0.3006,23.6321,25.9363
7675.6300,327.5473,0.2788,27.3957,22.9278
7838.2900,327.5870,0.0805,26.4416,25.3563
8003.4800,329.0621,0.2586,25.1495,23.0314
8171.2000,329.0848,0.1458,29.7696,20.2628
8341.4600,330.6895,0.0165,31.2267,19.5769
8514.2400,330.6700,0.1133,29.5630,21.2909
8689.5600,330.6700,0.1136,30.8004,18.1260
8867.4100,332.6308,0.1297,30.0865,22.3189
9047.7900,332.7011,0.0694,30.6253,22.9273
9230.7000,336.1127,0.0354,33.8043,23.0172
9416.1400,337.5804,0.1094,32.8648,20.1206
9604.1100,337.5850,0.0870,35.4800,17.3912
9794.6200,337.7892,0.0717,36.8976,18.9679
9987.6600,339.7039,0.0881,31.9566,18.9994
10183.2300,339.7027,0.0939,37.4278,15.7710
10381.3300,339.7081,0.0676,34.6909,17.3431
10581.9600,345.8146,0.0343,32.6226,14.6645
10785.1300,345.8178,0.0190,33.6947,15.2027
10990.8200,345.8111,0.0509,32.8476,13.8339
11199.0500,347.4883,0.0716,33.3823,13.1906
11409.8100,347.4951,0.0394,32.9551,9.8611
11623.1000,347.4995,0.0188,31.6725,13.3560
11838.9200,348.5900,0.0300,34.4891,13.6512
12057.2800,349.2700,0.0200,30.4022,10.3473
12278.1600,350.6400,0.0200,35.5165,10.8091
12501.5800,352.2300,0.0200,35.2246,10.2806
12727.5300,356.7100,0.0400,32.5170,9.8864
12956.0100,359.7100,0.0700,26.1908,6.2891
13187.0300,361.2300,0.0500,25.2822,6.1489
13420.5700,362.7600,0.0400,22.4465,4.9812
13656.6500,364.3100,0.0300,18.1250,7.0682
13895.2500,367.3800,0.0200,15.8943,12.6423
14136.3900,371.6400,0.0200,12.9741,13.8624
14380.0600,375.7000,0.0200,18.8313,12.7848
14626.2700,379.7500,0.0100,17.7124,12.9870
14875.0000,383.8500,0.0100,18.4077,11.5133
15125.0000,387.5500,0.0100,16.1042,10.6267
15375.0000,391.1000,0.0100,14.3377,13.0683
15625.0000,394.6600,0.0000,13.4821,10.2607
15875.0000,398.2100,0.0000,10.4259,10.3708
16125.0000,402.9100,0.0000,11.3376,8.3447
16375.0000,407.7900,0.0000,12.5677,8.7199
16625.0000,412.6800,0.0000,10.8590,10.4806
16875.0000,417.5600,0.0000,9.8167,5.3757
17125.0000,422.5000,0.0000,13.6114,8.3967
17375.0000,427.5000,0.0000,11.2543,5.4820
17625.0000,432.5000,0.0000,12.1429,9.3866
17875.0000,437.5000,0.0000,12.0811,9.3500
18000.0000,437.5000,0.0000,10.0210,9.7913
