944.96, 304.98,  18.95
25.0000,304.9800,19.1079,-2.2300,9.0600
75.0000,305.1300,18.8234,-2.8700,11.4800
125.0000,305.2700,18.5779,-3.3700,13.4800
175.0000,305.3700,18.4485,-3.5500,14.4800
225.0000,305.4700,18.3390,-3.6900,15.4200
275.0000,305.5600,18.2391,-3.7500,16.2400
325.0000,305.6700,18.1499,-3.7600,17.0800
375.0000,305.7900,18.0517,-3.6700,17.9700
425.0000,305.9200,17.9539,-3.5100,18.8800
475.0000,306.0700,17.8376,-3.2300,19.8500
525.0000,306.2400,17.7123,-2.8634,21.2404
575.0000,306.4300,17.5781,-2.4965,22.9253
625.0000,306.6100,17.4631,-2.5785,20.5582
675.0000,306.7500,17.3861,-0.1071,24.5448
725.0000,306.8600,17.2888,-0.5427,23.3008
775.0000,306.9400,17.1322,-0.0371,25.4682
825.0000,307.0200,16.9465,-0.0723,25.2496
875.0000,307.0700,16.7017,-0.0087,22.0816
925.0000,307.1219,16.4182,1.5550,20.9480
975.0000,308.6579,16.0283,1.9514,23.0286
1025.0000,308.8220,15.1589,-0.4298,23.5413
1075.0000,308.6659,15.9634,2.7828,24.3072
1125.0000,308.2014,17.1586,2.8364,26.2195
1175.0000,309.6790,13.8843,4.6136,25.1341
1225.0000,309.0079,17.1360,3.3421,24.2593
1275.0000,309.5032,14.7830,3.6696,28.2266
1325.0000,309.7509,13.4788,5.1956,29.3402
1375.0000,309.8428,12.9892,5.9769,28.3402
1425.0000,309.8291,13.0523,7.7887,26.8801
1475.0000,312.0019,14.5167,10.1411,28.3823
1525.0000,312.0247,14.3880,12.2499,25.2966
1575.0000,312.1993,13.4722,7.9254,26.9619
1625.0000,312.6759,10.9814,10.7097,27.5113
1675.0000,312.6739,10.9841,11.7795,27.9526
1725.0000,313.0768,10.9432,14.8012,29.7142
1775.0000,313.1217,10.7014,12.5097,27.3111
1825.0000,313.1599,10.4954,13.7712,26.9365
1875.0000,313.7351,7.4802,15.1845,22.5418
1925.0000,314.6954,10.2463,16.6775,22.7216
1975.0000,315.0005,8.6515,17.0956,23.3032
2025.0000,315.1047,8.1023,13.8506,22.6593
2075.0000,315.1900,7.6513,16.4506,23.7398
2125.0000,315.2999,7.0724,18.2103,25.1106
2175.0000,315.1991,7.5940,18.9988,21.4317
2225.0000,315.2434,7.3586,18.1135,21.1389
2275.0000,315.5720,5.6370,16.1763,23.1136
2325.0000,315.4667,6.1845,18.3196,22.3652
2375.0000,315.7345,4.7795,19.1099,21.8380
2425.0000,315.7595,4.6457,17.1569,18.4594
2475.0000,315.5828,5.5675,18.0960,21.4822
2525.0000,315.8746,4.0375,19.1645,21.7527
2575.0000,315.6855,5.0246,20.5609,20.1824
2625.0000,315.8827,3.9909,19.9016,18.5491
2675.0000,315.8338,4.2447,18.0435,23.2737
2725.0000,315.8405,6.2498,20.5154,19.6863
2775.0000,316.0382,5.2181,21.4692,22.4592
2825.0000,316.4348,3.1455,23.3582,19.2053
2875.0000,316.1352,4.7079,20.6745,18.4659
2925.0000,316.1603,4.5752,18.8117,21.1397
2975.0000,315.9976,5.4190,20.5665,19.1613
3025.0000,317.0138,3.2884,23.8918,20.5183
3076.2700,316.9293,3.7271,23.0300,19.2694
3130.0600,316.9980,3.3676,21.3765,21.0683
3186.3900,316.9173,3.7858,25.4571,18.9884
3245.2500,317.3191,1.6902,21.5138,16.5660
3306.6500,317.1922,2.3514,22.0938,22.5147
3370.5700,317.0211,3.2410,23.9701,20.1040
3437.0300,317.9770,4.1560,22.0885,18.2001
3506.0100,318.2394,2.7949,22.7263,19.3726
3577.5300,318.3320,2.3131,22.5367,21.0052
3651.5800,317.9056,4.5178,18.3468,22.3761
3728.1600,318.2355,2.8104,21.3074,22.4817
3807.2800,318.3421,2.2572,20.4031,24.1868
3888.9200,319.3298,2.5528,21.0261,23.8643
3973.1000,319.9868,1.9464,19.6634,28.6430
4059.8100,320.0997,1.3628,17.9726,25.1914
4149.0500,320.0383,2.4062,17.2118,23.5153
4240.8200,320.1982,1.5816,20.2810,26.8878
4335.1300,320.2877,1.1199,17.2055,27.4917
4431.9600,320.1306,1.9276,20.2262,27.0315
4531.3300,320.1961,2.2425,19.8841,30.4673
4633.2300,320.2512,1.9587,16.8834,28.8583
4737.6600,320.2551,1.9374,18.5069,28.0104
4844.6200,320.6754,1.4183,17.9904,25.2262
4954.1100,320.8017,2.0400,22.2873,27.2039
5066.1400,321.8554,1.6703,17.9935,26.6316
5180.7000,321.8237,1.8311,15.6268,26.2972
5297.7800,322.9103,1.7649,18.2180,28.5554
5417.4100,322.8535,2.0528,19.3424,24.5273
5539.5600,322.9877,1.3698,19.9953,25.7141
5664.2400,322.9289,1.6682,19.0758,27.2831
5791.4600,323.0038,1.2872,16.3069,25.3376
5921.2000,322.9939,1.3367,17.6430,26.1187
6053.4800,323.0202,1.2028,15.7748,24.8028
6188.2900,323.2515,1.1192,18.4065,25.1399
6325.6300,323.2944,0.9012,16.6758,25.6479
6465.5100,323.9706,0.8567,20.2669,25.0232
6607.9100,323.9914,0.7509,22.3235,24.7957
6752.8500,327.5085,0.3021,21.3145,25.8321
6900.3200,327.4434,0.6283,20.8995,23.1137
7050.3200,328.3078,0.4605,24.7793,25.5030
7202.8500,329.3561,0.4362,20.6767,23.6755
7357.9100,329.3554,0.4396,19.5180,26.4330
7515.5100,329.3590,0.4215,24.5427,25.7119
7675.6300,329.4004,0.2153,26.7459,23.0089
7838.2900,330.4720,0.2745,26.1382,21.7626
8003.4800,330.4906,0.1824,27.5401,19.7591
8171.2000,330.4633,0.3180,27.6996,20.9660
8341.4600,330.4971,0.1501,26.8371,21.6863
8514.2400,330.5240,0.0165,29.2016,20.4114
8689.5600,331.2007,0.1035,30.0471,24.6829
8867.4100,331.1890,0.1617,31.2689,21.8057
9047.7900,335.2359,0.0683,31.0201,23.6530
9230.7000,335.7678,0.1516,33.4896,23.7764
9416.1400,338.9889,0.1112,33.3321,20.9476
9604.1100,338.9884,0.1137,31.1488,16.8501
9794.6200,339.0015,0.0502,32.1640,18.6204
9987.6600,340.7089,0.0953,34.6963,18.4130
10183.2300,341.5014,0.1024,34.6509,17.6617
10381.3300,343.6972,0.1032,34.5074,16.0290
10581.9600,345.0877,0.0615,35.0127,12.7546
10785.1300,347.0909,0.0859,34.4947,14.9494
10990.8200,347.6018,0.0437,32.7865,15.5496
11199.0500,348.3220,0.0237,34.4099,15.9736
11409.8100,349.5907,0.0692,34.9125,11.9214
11623.1000,349.6371,0.0537,32.8298,10.5946
11838.9200,349.6422,0.0300,32.2375,10.1439
12057.2800,349.6443,0.0200,31.6860,10.1007
12278.1600,350.6400,0.0200,34.2554,8.2343
12501.5800,352.2300,0.0200,33.1322,9.4576
12727.5300,356.7100,0.0400,32.6418,9.5782
12956.0100,359.7100,0.0700,27.9783,5.8883
13187.0300,361.2300,0.0500,25.1774,6.0655
13420.5700,362.7600,0.0400,21.1511,5.0097
13656.6500,364.3100,0.0300,17.9412,10.6674
13895.2500,367.3800,0.0200,14.5048,7.3760
14136.3900,371.6400,0.0200,16.6644,15.8672
14380.0600,375.7000,0.0200,13.3802,14.7934
14626.2700,379.7500,0.0100,19.1667,12.5979
14875.0000,383.8500,0.0100,15.5677,14.5444
15125.0000,387.5500,0.0100,18.8416,11.2104
15375.0000,391.1000,0.0100,16.1465,10.5188
15625.0000,394.6600,0.0100,13.9420,7.9266
15875.0000,398.2100,0.0100,10.4659,7.1291
16125.0000,402.9100,0.0100,10.7216,6.9444
16375.0000,407.7900,0.0100,12.0018,8.3843
16625.0000,412.6800,0.0100,13.3517,8.1217
16875.0000,417.5600,0.0100,10.4384,4.4318
17125.0000,422.5000,0.0100,11.2551,9.1495
17375.0000,427.5000,0.0100,11.1672,11.2416
17625.0000,432.5000,0.0100,13.8494,6.5476
17875.0000,437.5000,0.0100,9.8798,8.5874
18000.0000,437.5000,0.0100,10.7652,9.1461
