944.96, 304.98,  18.95
25.0000,304.9800,19.1079,-2.2300,9.0600
75.0000,305.1300,18.8234,-2.8700,11.4800
125.0000,305.2700,18.5779,-3.3700,13.4800
175.0000,305.3700,18.4485,-3.5500,14.4800
225.0000,305.4700,18.3390,-3.6900,15.4200
275.0000,305.5600,18.2391,-3.7500,16.2400
325.0000,305.6700,18.1499,-3.7600,17.0800
375.0000,305.7900,18.0517,-3.6700,17.9700
425.0000,305.9200,17.9539,-3.5100,18.8800
475.0000,306.0700,17.8376,-3.2300,19.8500
525.0000,306.2400,17.7123,-3.9106,19.9351
575.0000,306.4300,17.5781,-2.2045,23.7339
625.0000,306.6100,17.4631,1.3186,23.5515
675.0000,306.7500,17.3861,-0.6313,24.4769
725.0000,306.8600,17.2888,0.5929,24.0311
775.0000,306.9400,17.1322,0.3964,27.4176
825.0000,307.0200,16.9465,0.2322,24.3936
875.0000,307.0700,16.7017,1.5412,24.5377
925.0000,307.1219,16.4182,1.8571,24.2655
975.0000,307.2949,16.6332,-0.5542,25.9896
1025.0000,307.6295,17.4230,1.3215,25.0366
1075.0000,308.9691,16.4190,2.9421,23.1603
1125.0000,309.2100,15.1503,4.2790,23.5438
1175.0000,309.1712,15.3423,3.3288,25.9548
1225.0000,311.3375,13.9439,3.7219,30.1274
1275.0000,311.0195,15.5882,4.9770,25.3353
1325.0000,311.3438,13.8902,4.2250,25.3711
1375.0000,311.2996,14.1102,6.2554,26.6610
1425.0000,311.4722,13.2015,6.5675,28.7115
1475.0000,311.5066,13.0124,8.8197,28.1356
1525.0000,311.1886,14.6572,7.5256,29.8622
1575.0000,311.5427,12.8067,10.0346,27.2380
1625.0000,312.5965,13.6722,12.3815,26.2882
1675.0000,313.1193,10.9446,11.4498,26.5517
1725.0000,313.1893,10.5723,15.0619,24.6356
1775.0000,313.4380,11.6701,14.2220,26.9294
1825.0000,313.7848,9.8570,14.0692,26.3814
1875.0000,314.1681,7.8468,14.8765,23.8443
1925.0000,314.3459,6.9088,15.9585,25.6707
1975.0000,314.4307,6.4592,16.1026,25.6562
2025.0000,314.4658,6.2703,17.6480,25.1811
2075.0000,314.3735,6.7509,15.6627,24.4724
2125.0000,314.5643,5.7457,16.6655,21.1381
2175.0000,314.4044,6.5807,17.3347,22.2633
2225.0000,314.5100,6.0236,18.7346,24.2697
2275.0000,315.3870,8.9835,18.7523,21.4395
2325.0000,315.6758,7.4779,17.0766,19.6975
2375.0000,316.0541,5.5010,19.1259,23.2340
2425.0000,316.1693,4.8951,20.1584,22.3539
2475.0000,316.2320,4.5644,21.8015,20.8467
2525.0000,316.0874,5.3171,18.7595,20.7351
2575.0000,315.7833,6.8980,21.2422,20.1010
2625.0000,316.0170,5.6786,19.4715,22.6610
2675.0000,316.3434,3.9719,21.7242,21.9440
2725.0000,316.1746,4.8512,19.8834,21.5563
2775.0000,316.3923,3.7122,22.3055,22.1837
2825.0000,316.3392,3.9876,19.2755,18.7939
2875.0000,316.1073,5.1941,19.1883,20.1077
2925.0000,316.5127,3.0777,20.8647,21.4785
2975.0000,316.1691,4.8682,20.6282,20.6356
3025.0000,316.2301,4.5486,23.4722,18.6696
3076.2700,316.6985,2.1023,19.4479,19.7109
3130.0600,315.9969,5.7550,21.4649,18.5245
3186.3900,316.7940,2.7488,24.1910,20.2847
3245.2500,316.6490,3.5031,23.3265,19.0036
3306.6500,317.8489,1.6329,22.6209,18.9584
3370.5700,317.7293,2.2547,22.2305,19.8820
3437.0300,317.6765,3.3456,21.6781,17.9451
3506.0100,317.7360,3.0354,24.9523,23.5004
3577.5300,317.8820,2.2759,21.2221,21.6378
3651.5800,317.9266,2.0431,24.8631,20.1255
3728.1600,317.7096,3.1671,21.7663,19.2607
3807.2800,318.1222,2.3556,20.1271,22.2867
3888.9200,318.1421,2.2512,18.7380,24.3604
3973.1000,318.8172,2.0350,22.0454,20.8624
4059.8100,320.8245,2.6517,17.6879,28.2959
4149.0500,320.8995,2.2646,17.2242,26.6838
4240.8200,320.9489,2.0096,20.8264,27.8278
4335.1300,321.0325,1.5792,18.9169,26.6394
4431.9600,320.9277,2.2666,21.6137,27.6895
4531.3300,321.0196,1.7943,19.3319,27.6581
4633.2300,321.9896,1.8689,20.0390,27.4408
4737.6600,321.8190,2.7389,20.1133,27.7831
4844.6200,321.9419,2.1103,18.1101,28.9511
4954.1100,322.0250,1.6854,20.0286,26.9432
5066.1400,321.8241,2.7086,17.2971,26.5995
5180.7000,321.9905,1.8593,20.1447,24.8225
5297.7800,321.9548,2.0404,17.7838,25.7134
5417.4100,322.0120,1.7483,15.3756,25.9103
5539.5600,323.0864,1.6611,17.3407,27.1400
5664.2400,323.0341,1.9256,18.1455,26.7614
5791.4600,323.2119,1.0219,18.6331,28.8315
5921.2000,323.2451,0.8526,18.1812,24.2005
6053.4800,323.1610,1.2798,21.1656,21.6007
6188.2900,323.3111,0.9846,18.9376,24.0065
6325.6300,323.6083,1.1677,19.8611,23.9454
6465.5100,324.2756,0.7559,21.6555,25.0739
6607.9100,326.2212,0.5139,19.5232,23.0502
6752.8500,326.2199,0.5202,21.5971,25.2373
6900.3200,327.9901,0.7122,22.6559,26.8669
7050.3200,328.0187,0.5690,22.0141,23.2018
7202.8500,328.0742,0.2907,22.3101,24.3367
7357.9100,328.1938,0.5034,25.4362,25.2747
7515.5100,328.2458,0.2433,23.6879,25.0428
7675.6300,329.4023,0.3226,26.5998,23.9277
7838.2900,329.4023,0.3229,26.4848,23.4239
8003.4800,331.0202,0.0681,28.2236,22.9509
8171.2000,331.0544,0.1333,30.2302,22.8041
8341.4600,331.0388,0.2105,27.5728,23.3116
8514.2400,331.7783,0.2137,31.7523,20.1071
8689.5600,334.3562,0.1728,31.0829,20.8719
8867.4100,334.3654,0.1276,29.4340,20.2052
9047.7900,336.1188,0.1314,30.1142,21.0941
9230.7000,336.1327,0.0636,28.9437,19.3132
9416.1400,336.6881,0.0297,30.6320,19.4681
9604.1100,338.2787,0.0481,33.8801,22.4951
9794.6200,339.5865,0.1154,33.9856,21.5831
9987.6600,343.0331,0.1365,32.9024,17.0570
10183.2300,343.0524,0.0442,34.9669,18.3921
10381.3300,345.0572,0.0820,36.1224,16.9765
10581.9600,345.0583,0.0772,33.6559,15.4019
10785.1300,347.5616,0.0841,32.6399,14.2004
10990.8200,348.4291,0.0604,33.5128,17.7464
11199.0500,349.1764,0.0657,33.3863,10.9987
11409.8100,349.1826,0.0370,36.5934,11.7237
11623.1000,349.1810,0.0443,32.7117,12.0989
11838.9200,349.1841,0.0300,30.4561,12.8511
12057.2800,349.2700,0.0200,36.3013,7.8837
12278.1600,350.6400,0.0200,34.2704,8.3520
12501.5800,352.2300,0.0200,35.4657,9.6370
12727.5300,356.7100,0.0400,32.8088,11.4727
12956.0100,359.7100,0.0700,29.5079,3.4594
13187.0300,361.2300,0.0500,22.0021,8.7636
13420.5700,362.7600,0.0400,21.1251,7.7048
13656.6500,364.3100,0.0300,20.1556,9.9004
13895.2500,367.3800,0.0200,14.8563,11.4921
14136.3900,371.6400,0.0200,11.2314,15.2089
14380.0600,375.7000,0.0200,18.0207,14.2633
14626.2700,379.7500,0.0100,17.7225,14.3284
14875.0000,383.8500,0.0100,14.4327,13.4405
15125.0000,387.5500,0.0100,15.8943,11.1871
15375.0000,391.1000,0.0100,15.2068,7.3607
15625.0000,394.6600,0.0100,12.0007,9.5587
15875.0000,398.2100,0.0100,9.0369,9.7740
16125.0000,402.9100,0.0100,10.7257,8.9645
16375.0000,407.7900,0.0100,10.2419,8.9067
16625.0000,412.6800,0.0100,11.6680,8.9366
16875.0000,417.5600,0.0100,12.3406,7.9425
17125.0000,422.5000,0.0100,9.1329,9.3723
17375.0000,427.5000,0.0100,11.8283,10.9636
17625.0000,432.5000,0.0100,10.3570,7.7084
17875.0000,437.5000,0.0100,13.8095,7.6945
18000.0000,437.5000,0.0100,11.1327,10.1071
