944.96, 304.98,  18.95
25.0000,304.9800,18.9500,-2.2300,9.0600
75.0000,305.1300,18.6700,-2.8700,11.4800
125.0000,305.2700,18.4300,-3.3700,13.4800
175.0000,305.3700,18.3100,-3.5500,14.4800
225.0000,305.4700,18.2100,-3.6900,15.4200
275.0000,305.5600,18.1200,-3.7500,16.2400
325.0000,305.6700,18.0400,-3.7600,17.0800
375.0000,305.7900,17.9500,-3.6700,17.9700
425.0000,305.9200,17.8600,-3.5100,18.8800
475.0000,306.0700,17.7500,-3.2300,19.8500
525.0000,306.2400,17.6300,-5.7330,21.9518
575.0000,306.4300,17.5000,-1.6226,20.0687
625.0000,306.6100,17.3900,-1.5727,19.5373
675.0000,306.7500,17.3200,-4.1601,25.2351
725.0000,306.8600,17.2300,-1.4173,25.1161
775.0000,306.9400,17.0800,-1.0097,23.5852
825.0000,307.0200,16.9000,0.8609,24.5309
875.0000,307.0700,16.6600,1.5555,23.3372
925.0000,307.1219,16.3800,1.0741,25.4507
975.0000,308.7530,15.9382,3.5146,24.6788
1025.0000,308.8846,15.2330,3.3222,23.9072
1075.0000,309.2401,13.3311,0.5452,26.0161
1125.0000,308.9050,15.1237,5.7310,25.8798
1175.0000,309.0112,14.5555,0.2859,26.5338
1225.0000,309.2948,13.0387,5.9868,25.5603
1275.0000,310.4580,14.7371,4.1851,26.5029
1325.0000,310.4469,14.7962,5.2865,24.7312
1375.0000,310.3621,15.2479,4.7184,23.6990
1425.0000,310.1155,16.5640,9.7165,24.8439
1475.0000,311.1586,11.0126,8.2477,27.5947
1525.0000,311.2441,11.8829,9.5154,25.8338
1575.0000,311.3232,11.4635,11.9875,28.3207
1625.0000,311.8392,9.8732,9.1468,26.0398
1675.0000,311.8730,9.6945,12.1863,28.3607
1725.0000,312.5362,10.1375,12.6839,27.6339
1775.0000,312.6826,9.3651,13.5687,26.0199
1825.0000,312.8399,8.5361,13.8192,25.9688
1875.0000,312.8293,8.5919,15.4778,26.8127
1925.0000,313.1513,6.8973,20.6215,24.0631
1975.0000,313.1153,7.0864,17.0681,27.6829
2025.0000,313.0603,7.3758,18.8039,24.5283
2075.0000,313.5237,4.9418,19.0744,23.4628
2125.0000,313.2094,6.5920,16.0992,25.1079
2175.0000,313.3400,5.9060,16.8057,22.0422
2225.0000,313.1825,6.7336,17.4019,21.6941
2275.0000,313.7631,3.6876,17.5509,22.7193
2325.0000,314.0921,3.6635,17.1846,19.9203
2375.0000,313.9655,4.3260,20.3023,23.3576
2425.0000,314.0641,3.8102,18.3239,21.7186
2475.0000,314.0206,4.0376,21.3495,22.0877
2525.0000,314.1454,3.3847,19.8136,19.3687
2575.0000,314.0362,4.0581,20.4788,21.5235
2625.0000,314.1196,3.6218,22.4140,19.2586
2675.0000,315.0013,2.9762,23.2200,19.8612
2725.0000,314.6529,4.7947,19.6940,21.3350
2775.0000,315.2768,3.1369,19.8965,19.6979
2825.0000,315.2820,3.1102,21.1830,20.3542
2875.0000,315.1071,4.0216,21.1461,22.3920
2925.0000,315.2502,3.2759,22.7598,18.4273
2975.0000,315.5760,1.5796,23.2581,19.2740
3025.0000,315.3257,2.9720,20.5432,20.7330
3076.2700,315.4741,2.1996,20.7979,18.5915
3130.0600,315.7666,1.1498,23.3037,21.5724
3186.3900,315.6807,2.5245,22.4610,21.5415
3245.2500,315.8905,2.3891,24.1753,17.9790
3306.6500,315.8527,2.5860,22.9729,21.7278
3370.5700,315.9286,2.9615,23.3673,20.5987
3437.0300,315.9651,2.7720,23.1469,18.6850
3506.0100,316.1711,1.7019,22.6390,21.0667
3577.5300,316.1885,1.6116,23.4143,21.3738
3651.5800,316.1567,1.7767,19.7900,21.1440
3728.1600,317.6583,1.4974,22.7669,21.6999
3807.2800,317.6494,1.8162,19.5960,25.8172
3888.9200,317.6824,1.6456,20.2101,24.5497
3973.1000,318.6238,0.8387,21.0490,28.8489
4059.8100,319.5592,1.4470,19.4312,22.3389
4149.0500,319.6649,0.9044,21.0704,24.9597
4240.8200,320.4703,1.1789,22.7482,26.4566
4335.1300,320.3955,1.5617,19.0040,27.1001
4431.9600,320.4357,1.3562,18.8083,22.7415
4531.3300,320.3648,1.7189,18.7940,25.9894
4633.2300,320.4012,1.5327,14.6976,24.8962
4737.6600,320.4017,1.5301,19.0939,26.2015
4844.6200,320.3666,1.7098,20.8619,25.9344
4954.1100,320.3486,1.8020,18.3087,28.3485
5066.1400,320.5402,0.8210,19.1277,27.8876
5180.7000,320.3431,1.8302,17.9688,25.4163
5297.7800,320.4943,1.0558,18.4673,28.9439
5417.4100,320.3893,1.5938,19.7640,28.0075
5539.5600,320.3977,1.5506,14.1365,26.1676
5664.2400,322.0561,1.0784,18.0920,24.8410
5791.4600,322.0313,1.2045,17.2936,25.1585
5921.2000,322.0406,1.1574,17.5995,27.0099
6053.4800,322.0720,0.9973,20.9299,24.2714
6188.2900,322.1228,0.7387,16.3805,21.7888
6325.6300,322.1133,0.7869,18.9099,26.0753
6465.5100,323.2441,0.8315,16.3833,24.5789
6607.9100,323.7264,0.8109,20.7686,23.5479
6752.8500,324.2034,0.2179,20.5695,23.6896
6900.3200,326.6983,0.2304,20.6042,22.9308
7050.3200,326.6744,0.3503,22.7664,24.1003
7202.8500,326.6911,0.2666,20.7614,24.3799
7357.9100,326.7142,0.1502,23.4858,22.1102
7515.5100,326.7086,0.1785,21.2964,22.0544
7675.6300,326.9401,0.1905,24.8696,22.7451
7838.2900,328.1182,0.2190,25.8680,21.4414
8003.4800,328.1462,0.0793,28.0005,21.8874
8171.2000,329.5110,0.0251,28.8977,22.7119
8341.4600,330.2203,0.0807,27.1374,23.7021
8514.2400,330.3182,0.1327,31.1702,21.9449
8689.5600,332.3679,0.0427,33.2765,22.9168
8867.4100,332.8705,0.0521,30.9111,22.0341
9047.7900,332.9346,0.0618,30.7269,24.2236
9230.7000,332.9378,0.0462,32.3063,22.2376
9416.1400,337.1968,0.0250,34.2599,19.7441
9604.1100,338.9569,0.1256,33.9209,19.4073
9794.6200,339.1548,0.0530,33.4271,20.4538
9987.6600,339.2567,0.0726,35.1581,19.6638
10183.2300,339.2588,0.0626,36.7984,15.8609
10381.3300,343.1119,0.0331,35.1412,15.0490
10581.9600,346.2782,0.0692,29.8606,15.9009
10785.1300,347.4179,0.0450,34.0083,16.5519
10990.8200,347.4182,0.0433,33.1953,15.2613
11199.0500,347.4178,0.0454,34.6860,14.6226
11409.8100,347.4219,0.0260,35.7617,11.2419
11623.1000,348.7882,0.0218,34.4422,11.0486
11838.9200,348.7864,0.0300,34.3451,10.8830
12057.2800,349.2700,0.0200,33.1490,9.3784
12278.1600,350.6400,0.0200,35.6367,8.9927
12501.5800,352.2300,0.0200,33.4694,8.0625
12727.5300,356.7100,0.0400,33.3635,4.5460
12956.0100,359.7100,0.0700,30.5917,6.0570
13187.0300,361.2300,0.0500,23.7010,5.2040
13420.5700,362.7600,0.0400,22.9900,7.9437
13656.6500,364.3100,0.0300,18.0937,6.4312
13895.2500,367.3800,0.0200,18.2761,10.9424
14136.3900,371.6400,0.0200,16.9150,17.2041
14380.0600,375.7000,0.0200,15.4806,14.7475
14626.2700,379.7500,0.0100,17.0512,12.8974
14875.0000,383.8500,0.0100,17.9211,12.4920
15125.0000,387.5500,0.0100,15.2843,11.1728
15375.0000,391.1000,0.0100,15.2431,9.4566
15625.0000,394.6600,0.0000,12.8365,9.6677
15875.0000,398.2100,0.0000,10.7904,8.3499
16125.0000,402.9100,0.0000,10.0509,9.7827
16375.0000,407.7900,0.0000,10.8620,7.3418
16625.0000,412.6800,0.0000,11.0295,7.0721
16875.0000,417.5600,0.0000,8.6612,8.0485
17125.0000,422.5000,0.0000,10.1145,9.6960
17375.0000,427.5000,0.0000,10.2927,9.6745
17625.0000,432.5000,0.0000,11.7838,9.2125
17875.0000,437.5000,0.0000,9.5868,5.9837
18000.0000,437.5000,0.0000,13.0862,9.8856
