944.96, 304.98,  18.95
25.0000,304.9800,19.1079,-2.2300,9.0600
75.0000,305.1300,18.8234,-2.8700,11.4800
125.0000,305.2700,18.5779,-3.3700,13.4800
175.0000,305.3700,18.4485,-3.5500,14.4800
225.0000,305.4700,18.3390,-3.6900,15.4200
275.0000,305.5600,18.2391,-3.7500,16.2400
325.0000,305.6700,18.1499,-3.7600,17.0800
375.0000,305.7900,18.0517,-3.6700,17.9700
425.0000,305.9200,17.9539,-3.5100,18.8800
475.0000,306.0700,17.8376,-3.2300,19.8500
525.0000,306.2400,17.7123,-6.1386,20.2462
575.0000,306.4300,17.5781,0.0635,23.6688
625.0000,306.6100,17.4631,-3.2944,23.2607
675.0000,306.7500,17.3861,0.4993,23.6252
725.0000,306.8600,17.2888,-1.8907,21.8650
775.0000,306.9400,17.1322,2.2293,23.7746
825.0000,307.0200,16.9465,0.4551,24.4404
875.0000,307.0700,16.7017,3.3059,24.2659
925.0000,307.1219,16.4182,0.0596,24.1924
975.0000,307.1536,16.2413,2.2085,24.4482
1025.0000,306.8064,16.5706,3.2798,21.6518
1075.0000,308.6629,15.7877,5.1872,23.2501
1125.0000,308.3678,17.3142,1.8244,25.4328
1175.0000,308.5417,16.3975,5.5523,26.4896
1225.0000,308.6574,16.2095,1.5900,26.9122
1275.0000,308.9735,14.5500,3.7189,27.9233
1325.0000,309.4882,16.7749,4.6386,25.8624
1375.0000,310.8278,13.5005,8.9491,26.2510
1425.0000,310.6153,14.5983,7.4936,23.8145
1475.0000,310.7508,13.8834,6.5052,28.2726
1525.0000,310.4982,15.1864,10.6160,28.8565
1575.0000,310.9466,12.8452,9.7338,26.2696
1625.0000,310.7177,14.0285,12.1529,28.1192
1675.0000,311.9761,8.8803,11.9081,27.8397
1725.0000,312.5501,9.0743,9.6295,26.1405
1775.0000,313.0697,10.4937,12.5021,26.5057
1825.0000,313.4019,8.7504,15.6327,26.2928
1875.0000,313.0222,10.7276,14.8724,24.8208
1925.0000,313.1935,9.8279,18.0758,22.7776
1975.0000,313.7938,6.6795,14.7463,25.5711
2025.0000,313.8639,7.3212,16.2070,23.6046
2075.0000,313.8085,7.6069,15.2723,26.6446
2125.0000,314.2274,5.4044,17.5115,24.1488
2175.0000,314.0005,6.5925,14.6652,24.7694
2225.0000,314.0967,6.0840,18.4431,23.4404
2275.0000,313.7822,7.7263,18.1471,21.9515
2325.0000,314.2425,5.3124,16.1302,22.7312
2375.0000,314.4750,5.8808,16.8157,21.7943
2425.0000,314.7479,4.4468,19.9559,20.9617
2475.0000,314.5867,5.3672,20.6071,22.5430
2525.0000,314.5072,5.7808,19.3734,18.3868
2575.0000,314.5036,5.7966,20.5225,22.4421
2625.0000,314.7625,4.4385,17.8814,20.5688
2675.0000,314.6517,5.0165,21.1064,20.7764
2725.0000,314.8528,3.9612,18.7178,21.2532
2775.0000,314.6524,5.0078,19.2490,18.0539
2825.0000,314.8870,3.7780,20.5266,20.2113
2875.0000,314.6777,4.8712,20.6047,21.9512
2925.0000,315.0448,3.6263,22.6963,19.6937
2975.0000,316.2213,2.3031,22.8505,20.3270
3025.0000,315.7813,4.6006,21.8877,19.5924
3076.2700,315.8870,4.0475,23.7932,17.3077
3130.0600,316.1835,2.4980,24.5043,20.0132
3186.3900,315.8318,4.3311,21.1145,20.0170
3245.2500,316.1709,2.5611,25.3843,21.5335
3306.6500,316.1151,2.8514,22.2844,20.5883
3370.5700,316.5160,2.5485,22.3576,19.1815
3437.0300,316.4111,3.0939,23.7159,18.6309
3506.0100,317.9429,3.4583,25.4597,20.3538
3577.5300,318.1063,2.6093,20.0910,19.3078
3651.5800,318.3002,1.6015,22.9901,21.0384
3728.1600,318.2592,1.8138,20.3395,22.5937
3807.2800,318.2503,2.9145,23.3050,22.5757
3888.9200,318.2811,2.7533,18.7790,25.6054
3973.1000,319.1319,1.9417,20.2755,25.6955
4059.8100,320.5475,1.5033,19.0119,29.6249
4149.0500,320.5401,1.5404,20.1235,24.9974
4240.8200,320.6863,0.7860,20.2652,26.0225
4335.1300,320.2751,2.9000,17.5234,26.1268
4431.9600,320.7541,1.7301,19.3068,24.8111
4531.3300,320.8329,1.3244,18.3320,27.0214
4633.2300,320.7314,1.8447,20.2643,27.3506
4737.6600,320.7362,1.8189,21.6855,26.3051
4844.6200,320.6540,2.2393,19.6891,26.8409
4954.1100,320.7378,1.8092,19.7467,24.4507
5066.1400,320.7777,1.6040,18.6060,25.0031
5180.7000,321.1585,1.5072,19.5532,26.3089
5297.7800,321.4443,1.8596,19.3299,28.0327
5417.4100,321.4787,1.6831,19.5771,24.6003
5539.5600,321.5732,1.1997,18.7072,28.3190
5664.2400,321.5642,1.4677,19.3692,26.8813
5791.4600,321.6242,1.1610,17.7767,25.7106
5921.2000,323.6679,1.1053,19.3442,26.6956
6053.4800,323.6430,1.2311,21.0693,25.0953
6188.2900,323.7169,0.8563,21.2878,25.2198
6325.6300,323.7156,0.8627,22.5596,22.1989
6465.5100,323.7725,0.5735,22.9801,22.9507
6607.9100,324.0689,0.6788,22.3091,24.4192
6752.8500,324.0753,0.6462,17.4292,24.4068
6900.3200,325.4901,0.4126,21.2965,25.4822
7050.3200,327.2326,0.3082,24.9393,23.9494
7202.8500,327.2028,0.4578,21.5433,22.6778
7357.9100,327.4706,0.3475,22.6911,22.6706
7515.5100,327.4459,0.4712,23.1073,23.0979
7675.6300,327.7141,0.1434,26.8453,25.3723
7838.2900,328.9832,0.3243,25.1209,23.8532
8003.4800,329.0188,0.1470,26.4174,22.7229
8171.2000,329.7598,0.0249,29.3948,23.1638
8341.4600,332.4325,0.2856,31.2468,19.1056
8514.2400,332.4513,0.1930,29.5168,22.0517
8689.5600,332.4622,0.1392,29.4790,20.6351
8867.4100,333.2601,0.0834,31.5594,22.1059
9047.7900,333.2605,0.0813,29.9473,23.9953
9230.7000,334.5126,0.0362,34.2312,20.9328
9416.1400,337.1898,0.1166,35.8273,22.0315
9604.1100,339.0205,0.1597,32.3285,19.2575
9794.6200,342.1189,0.1365,31.9925,20.5806
9987.6600,342.1213,0.1246,31.3964,17.0409
10183.2300,342.1326,0.0706,31.8493,18.2729
10381.3300,342.1186,0.1378,34.7661,17.0882
10581.9600,347.6162,0.0698,35.8797,16.9988
10785.1300,347.6205,0.0495,33.9100,16.1563
10990.8200,348.1145,0.0146,31.5187,13.6893
11199.0500,348.8283,0.0686,30.5037,14.4507
11409.8100,348.8345,0.0395,35.0593,12.1926
11623.1000,348.8382,0.0220,32.6550,12.7297
11838.9200,348.8365,0.0300,32.0075,10.3845
12057.2800,349.2700,0.0200,30.6505,9.9857
12278.1600,350.6400,0.0200,34.2400,8.1889
12501.5800,352.2300,0.0200,30.8485,7.9963
12727.5300,356.7100,0.0400,33.5299,6.3491
12956.0100,359.7100,0.0700,27.8895,5.8676
13187.0300,361.2300,0.0500,26.4397,4.8276
13420.5700,362.7600,0.0400,20.2521,6.3173
13656.6500,364.3100,0.0300,20.4898,9.9990
13895.2500,367.3800,0.0200,15.9099,12.0547
14136.3900,371.6400,0.0200,16.9731,15.3113
14380.0600,375.7000,0.0200,18.1696,17.2539
14626.2700,379.7500,0.0100,18.1088,13.2675
14875.0000,383.8500,0.0100,15.5103,11.0832
15125.0000,387.5500,0.0100,15.6019,14.0100
15375.0000,391.1000,0.0100,17.1006,13.7863
15625.0000,394.6600,0.0100,13.6497,11.3849
15875.0000,398.2100,0.0100,10.2757,9.7731
16125.0000,402.9100,0.0100,12.6873,9.9773
16375.0000,407.7900,0.0100,10.0969,9.1711
16625.0000,412.6800,0.0100,11.0786,4.8884
16875.0000,417.5600,0.0100,12.4623,9.7986
17125.0000,422.5000,0.0100,12.4871,7.9482
17375.0000,427.5000,0.0100,12.5809,9.1517
17625.0000,432.5000,0.0100,11.4816,8.5202
17875.0000,437.5000,0.0100,10.5750,9.7983
18000.0000,437.5000,0.0100,13.1890,11.8467
