944.96, 304.98,  18.95
25.0000,304.9800,18.9500,-2.2300,9.0600
75.0000,305.1300,18.6700,-2.8700,11.4800
125.0000,305.2700,18.4300,-3.3700,13.4800
175.0000,305.3700,18.3100,-3.5500,14.4800
225.0000,305.4700,18.2100,-3.6900,15.4200
275.0000,305.5600,18.1200,-3.7500,16.2400
325.0000,305.6700,18.0400,-3.7600,17.0800
375.0000,305.7900,17.9500,-3.6700,17.9700
425.0000,305.9200,17.8600,-3.5100,18.8800
475.0000,306.0700,17.7500,-3.2300,19.8500
525.0000,306.2400,17.6300,-4.3327,19.3683
575.0000,306.4300,17.5000,-1.6047,24.2379
625.0000,306.6100,17.3900,0.5206,22.0381
675.0000,306.7500,17.3200,-1.4269,22.1993
725.0000,306.8600,17.2300,-1.6924,24.6208
775.0000,306.9400,17.0800,1.0234,23.3628
825.0000,307.0200,16.9000,-2.3985,21.9091
875.0000,307.0700,16.6600,2.3776,24.5029
925.0000,307.1219,16.3800,1.0740,25.3070
975.0000,308.5280,16.4897,1.2954,26.6534
1025.0000,308.8290,14.8755,3.3313,25.6395
1075.0000,308.4319,17.0052,4.0322,27.4287
1125.0000,308.5226,16.5184,3.7096,25.5181
1175.0000,310.6511,15.4312,4.8786,26.7669
1225.0000,310.7292,15.0150,4.3154,25.6263
1275.0000,310.7924,14.6788,5.0092,27.2080
1325.0000,310.6541,15.4151,8.3901,26.3914
1375.0000,311.1576,14.7049,3.7598,27.6330
1425.0000,311.4257,13.2808,5.7690,27.5566
1475.0000,311.4392,13.2090,9.0358,23.8876
1525.0000,310.9937,15.5765,9.6773,29.2585
1575.0000,311.6416,12.1360,9.8958,27.7982
1625.0000,311.7607,11.5047,9.1859,27.3073
1675.0000,312.0235,10.1142,12.2305,26.9747
1725.0000,311.5475,12.6345,12.2201,26.3377
1775.0000,312.6402,7.2067,12.6951,29.3155
1825.0000,312.2721,9.1473,13.4370,24.4886
1875.0000,313.6714,9.0363,15.1585,23.9550
1925.0000,313.7479,8.6344,14.2368,26.2289
1975.0000,313.9877,9.5315,16.8452,19.9136
2025.0000,314.1865,11.0625,16.7090,24.5780
2075.0000,315.0162,6.7158,15.2861,25.0611
2125.0000,315.0290,6.6487,15.8535,24.2538
2175.0000,314.9386,7.1214,15.5744,24.7174
2225.0000,314.9486,7.0687,20.6009,19.8736
2275.0000,315.4915,4.2359,17.1799,22.1548
2325.0000,315.2511,5.4894,18.3429,21.3783
2375.0000,315.5766,3.7924,17.0306,19.9514
2425.0000,315.5334,4.0175,19.3953,23.4764
2475.0000,315.6287,3.5212,19.2027,18.7287
2525.0000,315.3889,4.7704,20.6120,21.9046
2575.0000,315.1323,6.1090,18.8215,20.8805
2625.0000,315.4985,4.1996,18.3082,24.4668
2675.0000,315.6197,3.5681,21.4787,19.0738
2725.0000,315.4957,4.2137,21.7327,20.3076
2775.0000,315.1692,5.9164,23.8034,19.4615
2825.0000,315.7093,3.1018,23.0098,18.9881
2875.0000,315.3274,5.0912,21.2713,23.1042
2925.0000,315.7658,2.8082,19.4088,21.1603
2975.0000,315.3686,4.8762,20.3699,21.1483
3025.0000,316.1700,3.9004,23.8502,20.1637
3076.2700,316.1891,3.8010,25.1251,17.5411
3130.0600,316.4537,2.4273,23.7112,18.8448
3186.3900,317.0764,2.8565,21.4917,20.6283
3245.2500,317.1611,2.4181,23.1606,19.4559
3306.6500,317.0825,2.8248,19.9185,20.8220
3370.5700,317.2128,2.1501,22.0536,20.0637
3437.0300,317.1580,2.4338,23.8837,21.2526
3506.0100,317.0961,2.7622,25.3050,22.7326
3577.5300,317.2905,1.7561,23.7390,21.3638
3651.5800,317.0747,2.8731,23.6683,20.3896
3728.1600,317.4481,2.1475,23.8507,23.1787
3807.2800,317.7843,2.4728,21.0887,24.7968
3888.9200,319.1639,3.0378,19.1624,27.0920
3973.1000,319.2076,2.8131,23.3563,25.9912
4059.8100,319.3117,2.2780,17.9263,25.9982
4149.0500,319.2619,2.5339,23.5335,28.2880
4240.8200,319.6440,2.4504,22.5573,27.0849
4335.1300,319.7084,2.1199,21.5499,25.3352
4431.9600,319.6633,2.3516,17.6128,24.5777
4531.3300,319.8516,1.3851,18.5669,25.2495
4633.2300,319.7703,1.8022,20.0598,25.7553
4737.6600,320.1368,2.3923,20.9318,26.8170
4844.6200,320.2226,1.9522,18.9178,27.0530
4954.1100,320.3653,1.2209,16.3770,24.9638
5066.1400,320.3115,1.4967,18.8340,26.9766
5180.7000,320.3076,1.5168,18.5543,24.9724
5297.7800,320.2708,1.7049,18.7351,28.1823
5417.4100,321.1350,1.5560,15.0499,23.3975
5539.5600,321.1470,1.4947,17.6469,28.3383
5664.2400,321.1428,1.5163,20.0558,25.8164
5791.4600,321.1470,1.4947,19.8026,27.3110
5921.2000,321.2330,1.0556,19.9871,25.7841
6053.4800,321.6875,0.9207,16.5686,27.1363
6188.2900,322.0963,0.8417,18.7242,27.3741
6325.6300,323.7286,1.1141,19.2505,25.6920
6465.5100,323.7928,0.9679,18.5549,24.3575
6607.9100,323.8402,0.7275,21.9124,23.7192
6752.8500,323.8819,0.5166,21.8781,25.2644
6900.3200,323.8800,0.5349,24.0538,23.4063
7050.3200,325.2216,0.5802,21.1176,24.1193
7202.8500,325.2467,0.4536,22.6350,24.4290
7357.9100,325.9551,0.4576,24.4889,25.4347
7515.5100,327.2123,0.4821,25.0247,20.9455
7675.6300,327.2742,0.1718,24.2602,20.6378
7838.2900,327.2775,0.1554,25.5260,22.4754
8003.4800,329.3517,0.3772,28.3256,23.3588
8171.2000,329.4074,0.0997,27.4112,23.0416
8341.4600,329.3905,0.1836,28.3721,22.2744
8514.2400,330.6929,0.2192,29.9011,23.1349
8689.5600,331.7874,0.0865,31.1682,26.2867
8867.4100,332.1352,0.1407,31.8685,20.6379
9047.7900,333.3936,0.1318,31.4977,22.7625
9230.7000,334.6924,0.1204,32.6836,20.2919
9416.1400,335.3436,0.0523,33.9332,19.5330
9604.1100,338.0488,0.0901,33.1868,19.8570
9794.6200,338.0435,0.1156,34.0632,17.7978
9987.6600,338.3026,0.0998,31.1896,16.1356
10183.2300,340.9853,0.1079,37.0140,19.1774
10381.3300,341.1339,0.0777,33.5921,16.5015
10581.9600,346.0644,0.1151,32.9361,16.9613
10785.1300,347.6190,0.0508,33.9971,14.6244
10990.8200,347.6150,0.0696,34.4852,16.0285
11199.0500,347.6188,0.0514,32.7355,13.8785
11409.8100,347.6196,0.0476,32.4641,13.5692
11623.1000,348.4999,0.0315,33.0951,8.5340
11838.9200,348.5900,0.0300,35.0570,10.9752
12057.2800,349.2700,0.0200,30.5277,9.5191
12278.1600,350.6400,0.0200,36.6267,8.5347
12501.5800,352.2300,0.0200,33.0101,6.6672
12727.5300,356.7100,0.0400,32.0612,6.1787
12956.0100,359.7100,0.0700,27.1452,4.6598
13187.0300,361.2300,0.0500,25.4936,6.1453
13420.5700,362.7600,0.0400,22.9515,6.5443
13656.6500,364.3100,0.0300,17.4331,5.0505
13895.2500,367.3800,0.0200,16.3404,10.5507
14136.3900,371.6400,0.0200,12.9375,17.3901
14380.0600,375.7000,0.0200,14.5924,16.4484
14626.2700,379.7500,0.0100,15.9388,12.8044
14875.0000,383.8500,0.0100,17.9955,10.8476
15125.0000,387.5500,0.0100,15.6472,12.0105
15375.0000,391.1000,0.0100,15.3142,11.9885
15625.0000,394.6600,0.0000,12.7650,8.0439
15875.0000,398.2100,0.0000,13.1537,9.4358
16125.0000,402.9100,0.0000,8.9235,9.7469
16375.0000,407.7900,0.0000,11.1186,10.8225
16625.0000,412.6800,0.0000,12.3662,9.1548
16875.0000,417.5600,0.0000,12.3307,7.3258
17125.0000,422.5000,0.0000,10.8665,8.5218
17375.0000,427.5000,0.0000,10.8735,10.0853
17625.0000,432.5000,0.0000,11.7509,7.7725
17875.0000,437.5000,0.0000,14.0332,11.6651
18000.0000,437.5000,0.0000,10.3191,9.7847
