944.96, 304.98,  18.95
25.0000,304.9800,19.1079,-2.2300,9.0600
75.0000,305.1300,18.8234,-2.8700,11.4800
125.0000,305.2700,18.5779,-3.3700,13.4800
175.0000,305.3700,18.4485,-3.5500,14.4800
225.0000,305.4700,18.3390,-3.6900,15.4200
275.0000,305.5600,18.2391,-3.7500,16.2400
325.0000,305.6700,18.1499,-3.7600,17.0800
375.0000,305.7900,18.0517,-3.6700,17.9700
425.0000,305.9200,17.9539,-3.5100,18.8800
475.0000,306.0700,17.8376,-3.2300,19.8500
525.0000,306.2400,17.7123,-0.6986,19.4197
575.0000,306.4300,17.5781,-2.8546,22.2882
625.0000,306.6100,17.4631,-3.2224,22.9051
675.0000,306.7500,17.3861,-3.0958,23.7815
725.0000,306.8600,17.2888,-3.1230,22.2432
775.0000,306.9400,17.1322,-2.1637,23.0817
825.0000,307.0200,16.9465,3.4542,21.9428
875.0000,307.0700,16.7017,1.1991,23.9359
925.0000,307.1219,16.4182,4.5001,23.2773
975.0000,307.3313,15.3097,1.2297,24.5767
1025.0000,307.3880,15.0014,1.8821,26.3476
1075.0000,307.3982,14.9382,0.3611,24.1067
1125.0000,307.7042,15.3056,3.1395,25.5400
1175.0000,307.7762,14.9188,3.1758,24.7761
1225.0000,307.8636,14.4515,5.0828,27.2248
1275.0000,309.2929,14.4170,4.9053,27.0501
1325.0000,308.8393,16.1262,4.1160,27.1488
1375.0000,309.3197,14.2582,5.4795,24.8021
1425.0000,309.3383,14.1518,6.8156,27.8043
1475.0000,309.5905,12.8251,8.7882,28.2565
1525.0000,309.5758,13.4828,6.8824,27.7035
1575.0000,309.7531,12.5479,9.9931,29.7317
1625.0000,310.1360,10.5338,13.3074,25.2090
1675.0000,310.2799,11.1804,8.3500,26.4525
1725.0000,310.3671,10.7169,14.5956,26.7554
1775.0000,310.8120,8.3721,15.1642,24.9856
1825.0000,310.6872,9.0241,13.5402,24.4563
1875.0000,311.0668,7.0182,14.9007,27.4715
1925.0000,313.1713,5.5695,14.7868,25.5685
1975.0000,313.0479,6.2171,16.0923,23.9394
2025.0000,312.9556,7.8524,17.1743,21.6497
2075.0000,313.4962,5.0048,17.8295,23.3655
2125.0000,313.4419,5.2877,14.2671,23.1061
2175.0000,313.2544,6.2716,16.0173,24.7647
2225.0000,313.5574,4.6732,20.1986,24.7472
2275.0000,313.7758,3.5183,17.4093,22.9860
2325.0000,313.4662,5.1485,16.8520,21.7207
2375.0000,313.4681,5.1357,19.2216,23.0912
2425.0000,313.5599,4.6502,16.8929,19.3760
2475.0000,313.7247,3.7801,18.7976,19.9784
2525.0000,313.6171,4.3447,18.6039,20.8322
2575.0000,313.6326,4.2610,19.8232,20.6271
2625.0000,313.7133,3.8345,21.5800,20.3142
2675.0000,313.6009,4.4232,20.9745,17.5265
2725.0000,313.8684,4.1835,19.5927,21.9338
2775.0000,313.9884,3.5512,20.0335,22.7441
2825.0000,313.9288,3.8626,20.8043,19.1442
2875.0000,314.0661,3.1398,21.5321,18.6811
2925.0000,315.2641,2.8478,22.2831,19.5726
2975.0000,315.1594,3.3947,26.2873,19.8836
3025.0000,315.1469,3.4588,23.8874,19.5808
3076.2700,315.4764,1.7305,19.5662,19.4588
3130.0600,315.4324,1.9604,23.2555,21.9045
3186.3900,315.2443,2.9446,28.9047,19.2243
3245.2500,315.1551,3.4098,23.9661,19.9998
3306.6500,315.3605,2.3341,22.9547,20.5577
3370.5700,315.4981,2.4669,21.7757,23.9531
3437.0300,315.6073,1.8945,23.6342,17.8637
3506.0100,315.5596,2.1433,22.4432,21.3388
3577.5300,315.6697,1.5664,21.6996,19.2207
3651.5800,315.8905,1.4694,24.8883,21.9670
3728.1600,315.7397,2.2564,23.9523,21.7011
3807.2800,316.4552,2.3372,22.2114,23.5755
3888.9200,317.9742,1.7702,22.4567,24.7996
3973.1000,317.9612,1.8365,21.0741,24.7086
4059.8100,318.1119,1.0540,17.8471,24.4326
4149.0500,318.0558,1.3446,16.9713,26.5592
4240.8200,319.1335,1.0087,16.8975,23.5610
4335.1300,319.0957,1.2036,18.6070,27.9796
4431.9600,319.0742,1.5170,20.8636,27.0655
4531.3300,319.1049,1.3575,19.0512,24.1173
4633.2300,318.9723,2.0405,19.4383,26.9650
4737.6600,319.0673,1.5500,21.2349,22.9370
4844.6200,319.1812,0.9621,21.9133,28.4858
4954.1100,319.1002,1.3794,16.4269,25.3602
5066.1400,319.2553,1.7665,19.3288,26.5846
5180.7000,319.2267,1.9127,16.6154,24.7371
5297.7800,319.2783,1.6470,16.9970,29.6712
5417.4100,319.4509,1.6342,21.2303,27.9280
5539.5600,319.4287,1.7475,19.2996,25.3612
5664.2400,319.5656,1.0442,18.5891,24.6853
5791.4600,321.6890,1.0517,21.3510,27.7911
5921.2000,321.6431,1.2855,19.6407,26.9021
6053.4800,321.6592,1.2027,18.2906,28.6328
6188.2900,322.6661,0.9304,20.1890,24.0782
6325.6300,322.6893,0.8122,19.7411,23.6356
6465.5100,322.9152,0.6984,19.1893,25.7722
6607.9100,322.9375,0.5848,20.7016,23.6669
6752.8500,324.0039,0.3787,19.0665,25.4034
6900.3200,325.2599,0.2201,25.1377,24.0146
7050.3200,325.2613,0.2128,22.7381,24.6984
7202.8500,325.2195,0.4432,21.5137,24.4350
7357.9100,325.2434,0.3223,22.9108,25.2699
7515.5100,326.1241,0.2881,24.8154,23.7253
7675.6300,326.1439,0.1888,26.4204,23.0164
7838.2900,326.1411,0.2026,24.2219,22.8144
8003.4800,327.1806,0.2018,26.0370,25.6419
8171.2000,329.2811,0.1511,24.8123,24.4081
8341.4600,329.3134,0.1511,28.3518,21.8625
8514.2400,331.5880,0.0701,30.2533,23.0794
8689.5600,333.2779,0.0052,32.1306,20.8183
8867.4100,333.2658,0.0644,31.8616,20.0899
9047.7900,333.4994,0.1147,30.4423,24.8415
9230.7000,333.5085,0.0700,30.4118,21.9452
9416.1400,335.8593,0.1087,35.3752,23.4372
9604.1100,337.1235,0.1164,32.5178,20.6543
9794.6200,339.1023,0.0462,32.7200,21.3063
9987.6600,339.1002,0.0564,32.2330,19.2617
10183.2300,339.0947,0.0832,33.0453,18.1298
10381.3300,342.2676,0.0691,32.9329,15.6191
10581.9600,342.8275,0.0320,34.2939,15.1982
10785.1300,345.9128,0.0226,34.8234,12.8966
10990.8200,347.8896,0.0161,31.7658,12.9526
11199.0500,347.8856,0.0351,34.1860,10.8154
11409.8100,347.8832,0.0465,33.0789,12.8712
11623.1000,347.8890,0.0191,34.4813,9.9352
11838.9200,348.5900,0.0300,33.2466,12.1249
12057.2800,349.2700,0.0200,33.1597,10.1889
12278.1600,350.6400,0.0200,32.9515,11.0906
12501.5800,352.2300,0.0200,34.1992,9.3356
12727.5300,356.7100,0.0400,33.9386,8.0270
12956.0100,359.7100,0.0700,28.2033,5.9990
13187.0300,361.2300,0.0500,21.3459,6.9491
13420.5700,362.7600,0.0400,20.2403,8.6829
13656.6500,364.3100,0.0300,15.9739,8.6922
13895.2500,367.3800,0.0200,15.7830,12.2249
14136.3900,371.6400,0.0200,16.0566,19.0624
14380.0600,375.7000,0.0200,15.3593,14.9200
14626.2700,379.7500,0.0100,17.4379,14.8197
14875.0000,383.8500,0.0100,18.5862,12.7105
15125.0000,387.5500,0.0100,15.9638,12.3340
15375.0000,391.1000,0.0100,14.1400,13.2753
15625.0000,394.6600,0.1511,12.9600,9.4319
15875.0000,398.2100,0.1511,8.9106,8.9585
16125.0000,402.9100,0.1511,11.1185,10.5800
16375.0000,407.7900,0.1511,13.6204,7.7563
16625.0000,412.6800,0.1511,12.7357,9.6337
16875.0000,417.5600,0.1511,11.3900,11.5836
17125.0000,422.5000,0.1511,10.4048,8.9126
17375.0000,427.5000,0.1511,13.0872,9.0478
17625.0000,432.5000,0.1511,11.5444,10.6086
17875.0000,437.5000,0.1511,11.9141,7.8729
18000.0000,437.5000,0.1511,10.7193,8.5520
