944.96, 304.98,  18.95
25.0000,304.9800,19.1079,-2.2300,9.0600
75.0000,305.1300,18.8234,-2.8700,11.4800
125.0000,305.2700,18.5779,-3.3700,13.4800
175.0000,305.3700,18.4485,-3.5500,14.4800
225.0000,305.4700,18.3390,-3.6900,15.4200
275.0000,305.5600,18.2391,-3.7500,16.2400
325.0000,305.6700,18.1499,-3.7600,17.0800
375.0000,305.7900,18.0517,-3.6700,17.9700
425.0000,305.9200,17.9539,-3.5100,18.8800
475.0000,306.0700,17.8376,-3.2300,19.8500
525.0000,306.2400,17.7123,0.0107,22.2497
575.0000,306.4300,17.5781,-2.9206,23.9093
625.0000,306.6100,17.4631,-0.9548,18.9738
675.0000,306.7500,17.3861,-1.6574,23.5002
725.0000,306.8600,17.2888,-2.5884,22.4981
775.0000,306.9400,17.1322,1.3314,22.5392
825.0000,307.0200,16.9465,-0.1621,28.1911
875.0000,307.0700,16.7017,1.5900,24.0110
925.0000,307.1219,16.4182,-0.0256,26.4574
975.0000,306.8398,17.0253,2.2915,25.2871
1025.0000,307.4874,15.9244,3.0424,24.4099
1075.0000,307.9007,13.7452,2.1251,26.9603
1125.0000,307.6243,15.1865,6.2734,25.7955
1175.0000,307.9763,13.3290,3.1320,28.5840
1225.0000,308.0905,12.7200,2.0654,25.5425
1275.0000,307.7110,14.7039,3.4034,29.0802
1325.0000,307.8453,14.6219,4.7078,26.2762
1375.0000,308.4306,11.5393,6.7007,28.3677
1425.0000,307.8485,14.4243,8.8184,27.4418
1475.0000,308.2295,12.5833,8.9908,27.5429
1525.0000,309.5898,12.1530,8.9565,24.4988
1575.0000,309.3140,13.5877,10.9657,28.9353
1625.0000,310.2531,12.5468,11.3721,28.4320
1675.0000,310.6963,10.2189,8.5414,27.9769
1725.0000,311.1446,9.1936,10.8209,27.1379
1775.0000,311.4901,7.3678,13.0481,24.9985
1825.0000,311.9438,8.7860,17.2152,27.5408
1875.0000,312.2787,7.0196,14.7566,24.7926
1925.0000,312.5023,5.8356,18.3557,24.1512
1975.0000,312.0979,7.9617,16.3779,27.2637
2025.0000,312.2510,7.1527,16.1593,23.6569
2075.0000,312.2492,7.1579,16.9169,24.3123
2125.0000,312.7742,4.3860,16.8384,24.0389
2175.0000,312.8814,4.9915,18.1029,23.7936
2225.0000,312.7754,5.5472,15.2348,23.7686
2275.0000,313.6330,5.5344,17.7459,23.2911
2325.0000,313.7497,4.9180,17.5492,23.7779
2375.0000,313.7777,4.7678,18.9514,23.2315
2425.0000,314.2182,3.5140,21.8233,20.1160
2475.0000,313.9898,4.7141,20.2192,22.2444
2525.0000,313.9889,4.7163,21.2916,21.6774
2575.0000,314.8423,3.6082,21.0106,20.8841
2625.0000,314.7176,4.2609,17.7008,19.7224
2675.0000,314.5767,4.9968,20.9305,19.7159
2725.0000,314.7623,4.0226,20.1120,19.6149
2775.0000,314.7649,4.0072,20.1099,21.9865
2825.0000,314.8317,3.6552,23.0617,19.6224
2875.0000,314.9939,2.8028,20.1262,18.6109
2925.0000,314.7303,4.1824,23.7406,18.5464
2975.0000,314.8758,3.4190,20.3520,21.8032
3025.0000,315.4330,1.9991,22.7748,20.3466
3076.2700,315.3220,2.5804,21.4497,22.1081
3130.0600,315.0277,4.1184,22.1058,21.1812
3186.3900,315.4367,1.9769,18.9167,20.6403
3245.2500,315.1458,3.4985,23.6529,20.7745
3306.6500,315.4427,1.9438,24.5579,21.2323
3370.5700,315.1902,3.2633,22.3841,19.9879
3437.0300,315.3239,2.5636,24.7456,21.1781
3506.0100,315.2684,3.3278,23.3737,18.8025
3577.5300,315.5726,1.7380,23.2529,22.6736
3651.5800,315.4746,2.2491,21.6673,20.3912
3728.1600,315.4316,2.8583,21.1709,23.0413
3807.2800,317.3436,2.1654,23.2744,23.0448
3888.9200,318.6142,0.9698,20.6288,25.0647
3973.1000,318.3871,2.1463,19.5491,25.6734
4059.8100,318.5600,1.2498,21.5325,27.7418
4149.0500,318.4261,1.9425,17.4326,26.4781
4240.8200,318.4759,1.6838,19.7291,23.6843
4335.1300,318.4026,2.0616,18.6917,28.0197
4431.9600,320.2878,1.7071,20.9777,26.6873
4531.3300,320.2496,1.9027,21.5825,25.8228
4633.2300,320.2949,1.6689,18.4989,26.8510
4737.6600,320.3916,1.1713,19.8065,23.5516
4844.6200,320.4041,1.1064,18.6052,27.2499
4954.1100,320.3181,1.5471,18.6696,28.2599
5066.1400,320.3357,1.4564,18.5194,26.3712
5180.7000,320.3760,1.2488,15.5882,26.5987
5297.7800,320.2672,1.8061,18.2555,26.0773
5417.4100,320.3387,1.4392,18.1760,27.0951
5539.5600,320.3420,1.4218,17.2746,25.4866
5664.2400,321.3109,1.4271,18.6175,24.7252
5791.4600,321.3792,1.0778,19.7355,24.0027
5921.2000,321.3571,1.1901,19.4123,22.4142
6053.4800,321.3850,1.0473,17.5580,25.3125
6188.2900,321.4776,0.5744,17.6833,23.3613
6325.6300,321.4202,0.8670,21.6665,23.6784
6465.5100,323.0560,0.6828,23.1977,23.8425
6607.9100,323.0491,0.7176,21.3292,23.6545
6752.8500,323.0879,0.5208,18.5695,20.0508
6900.3200,323.4931,0.3547,22.5917,18.3385
7050.3200,324.0989,0.3412,24.6967,25.5690
7202.8500,324.1330,0.1687,21.7589,21.8436
7357.9100,327.2209,0.3711,22.3606,23.7738
7515.5100,327.2628,0.1605,26.0664,21.9300
7675.6300,327.2660,0.1446,24.4537,21.1467
7838.2900,327.2418,0.2660,29.0130,23.2280
8003.4800,329.3644,0.1673,25.3098,25.1572
8171.2000,329.3639,0.1694,28.2944,23.8785
8341.4600,329.3848,0.0653,31.2788,19.9578
8514.2400,329.3760,0.1092,29.0722,21.3126
8689.5600,329.3795,0.0920,30.6068,21.4648
8867.4100,329.8191,0.0921,34.0793,19.6589
9047.7900,331.0819,0.1077,34.1753,21.4751
9230.7000,331.0951,0.0865,31.5360,20.8087
9416.1400,333.2580,0.1139,38.4724,19.8787
9604.1100,338.3197,0.0900,33.8656,20.6058
9794.6200,338.3301,0.0397,31.4852,20.3387
9987.6600,339.4470,0.0742,34.6239,17.9139
10183.2300,343.3733,0.0991,35.7672,18.2265
10381.3300,343.3798,0.0679,35.3058,15.9239
10581.9600,343.3798,0.0680,35.9677,14.6642
10785.1300,345.4001,0.0774,35.2268,14.4787
10990.8200,345.4398,0.0549,33.6834,14.1160
11199.0500,345.4394,0.0568,35.9434,13.0060
11409.8100,345.4455,0.0274,34.1809,11.7546
11623.1000,346.2572,0.0273,35.2911,11.4270
11838.9200,348.5900,0.0300,31.2358,7.1378
12057.2800,349.2700,0.0200,30.7150,11.3473
12278.1600,350.6400,0.0200,34.6397,8.0353
12501.5800,352.2300,0.0200,31.5675,8.5667
12727.5300,356.7100,0.0400,32.5891,7.2839
12956.0100,359.7100,0.0700,26.8085,6.3571
13187.0300,361.2300,0.0500,23.0336,7.1614
13420.5700,362.7600,0.0400,19.5157,8.1088
13656.6500,364.3100,0.0300,16.9847,7.1882
13895.2500,367.3800,0.0200,15.6443,9.9603
14136.3900,371.6400,0.0200,15.6042,15.9157
14380.0600,375.7000,0.0200,14.0302,15.2142
14626.2700,379.7500,0.0100,17.1950,12.5515
14875.0000,383.8500,0.0100,16.1276,11.3224
15125.0000,387.5500,0.0100,16.3746,11.2753
15375.0000,391.1000,0.0100,12.8336,9.9746
15625.0000,394.6600,0.0100,11.9225,10.3943
15875.0000,398.2100,0.0100,9.5609,9.1711
16125.0000,402.9100,0.0100,9.4339,9.7197
16375.0000,407.7900,0.0100,9.8667,7.8589
16625.0000,412.6800,0.0100,13.1444,7.8570
16875.0000,417.5600,0.0100,13.9204,9.8713
17125.0000,422.5000,0.0100,12.0733,9.2485
17375.0000,427.5000,0.0100,9.6915,9.8299
17625.0000,432.5000,0.0100,11.0722,10.1751
17875.0000,437.5000,0.0100,12.2613,7.9320
18000.0000,437.5000,0.0100,10.2438,10.2037
