944.96, 304.98,  18.95
25.0000,304.9800,19.1079,-2.2300,9.0600
75.0000,305.1300,18.8234,-2.8700,11.4800
125.0000,305.2700,18.5779,-3.3700,13.4800
175.0000,305.3700,18.4485,-3.5500,14.4800
225.0000,305.4700,18.3390,-3.6900,15.4200
275.0000,305.5600,18.2391,-3.7500,16.2400
325.0000,305.6700,18.1499,-3.7600,17.0800
375.0000,305.7900,18.0517,-3.6700,17.9700
425.0000,305.9200,17.9539,-3.5100,18.8800
475.0000,306.0700,17.8376,-3.2300,19.8500
525.0000,306.2400,17.7123,-0.4074,20.2582
575.0000,306.4300,17.5781,-2.4511,22.5261
625.0000,306.6100,17.4631,-0.5528,24.5029
675.0000,306.7500,17.3861,-0.3576,23.2568
725.0000,306.8600,17.2888,-2.5949,22.2136
775.0000,306.9400,17.1322,-0.2992,22.4141
825.0000,307.0200,16.9465,0.1436,23.3360
875.0000,307.0700,16.7017,-0.5464,22.9310
925.0000,307.1219,16.4182,6.9247,24.3197
975.0000,307.5543,17.7822,2.9339,23.7496
1025.0000,307.9782,16.4947,0.7926,25.4758
1075.0000,307.7360,17.1032,3.8192,25.1242
1125.0000,307.9746,16.4910,3.0425,27.0050
1175.0000,308.1663,15.4794,4.7644,22.9481
1225.0000,308.1665,15.7015,1.3489,26.4321
1275.0000,307.9875,15.7025,4.0229,29.3389
1325.0000,308.3255,14.8518,5.2067,26.3991
1375.0000,308.4650,14.1133,4.7730,26.4779
1425.0000,308.4482,14.1924,7.1000,27.2040
1475.0000,308.6572,13.2630,6.7032,26.5975
1525.0000,310.3212,14.8729,7.3070,29.7987
1575.0000,310.3696,14.6122,10.7545,27.4290
1625.0000,311.5329,11.9621,9.8254,25.4267
1675.0000,311.8138,10.4866,13.1446,25.9837
1725.0000,311.7158,10.9920,14.0757,26.6820
1775.0000,312.4015,11.2026,13.9966,25.9668
1825.0000,312.8452,8.8765,12.4832,23.8543
1875.0000,312.9218,8.4695,14.5181,23.9441
1925.0000,312.5106,10.6131,14.8645,27.7574
1975.0000,312.9610,8.2535,18.0812,24.9557
2025.0000,313.1568,7.2217,16.8785,24.3918
2075.0000,313.2394,6.7841,18.7115,22.4455
2125.0000,313.1585,7.2044,17.7646,23.1884
2175.0000,313.1043,7.4842,21.4200,21.1905
2225.0000,314.6162,8.8338,18.3526,24.3688
2275.0000,315.1292,6.1532,15.7276,23.6541
2325.0000,315.2098,5.7281,18.0666,22.8670
2375.0000,315.4481,4.4756,19.1195,21.5527
2425.0000,314.9831,6.9048,16.9234,23.0142
2475.0000,315.0973,6.3053,20.4663,22.3332
2525.0000,315.6276,3.5268,19.5629,22.4106
2575.0000,315.2059,5.7322,20.2106,22.9273
2625.0000,315.2602,5.4458,21.9163,20.3940
2675.0000,315.3613,4.9152,21.5374,23.1261
2725.0000,315.3870,4.7783,21.1066,18.7972
2775.0000,315.3785,4.8204,21.5491,24.0039
2825.0000,315.5083,4.1401,21.3030,21.4828
2875.0000,315.4331,4.5308,23.7323,20.0447
2925.0000,315.5127,4.1129,19.5159,19.7898
2975.0000,315.5130,4.1097,21.6771,20.3334
3025.0000,315.4636,4.3657,22.4961,19.6732
3076.2700,315.5460,3.9336,22.0262,20.5099
3130.0600,315.6667,3.3016,24.2864,17.4134
3186.3900,315.8945,2.1088,23.0841,21.7103
3245.2500,315.7679,2.7704,21.8267,17.1227
3306.6500,315.6749,3.2545,25.3594,20.8865
3370.5700,315.8061,2.5677,20.1861,22.4427
3437.0300,315.7814,2.6958,21.1579,20.4585
3506.0100,315.6932,3.1541,25.4881,19.3633
3577.5300,315.7224,3.0007,20.6527,23.5252
3651.5800,316.3118,3.9545,21.1123,22.1729
3728.1600,317.3569,2.8474,22.3299,20.9714
3807.2800,317.4199,2.5191,25.2536,21.7527
3888.9200,317.4320,2.4551,22.3131,25.3541
3973.1000,318.4271,3.6395,20.1155,25.2535
4059.8100,318.7544,1.9483,20.7293,23.4579
4149.0500,318.8449,1.4789,19.4811,26.7696
4240.8200,318.6628,2.4190,20.9421,27.1845
4335.1300,318.7176,2.1348,19.9008,26.0426
4431.9600,318.8909,1.7233,20.8941,27.8434
4531.3300,318.9113,1.6171,17.1649,29.2361
4633.2300,319.3719,1.9162,19.6979,24.9178
4737.6600,319.4886,1.3145,21.7205,24.3050
4844.6200,319.6330,1.4701,17.6428,27.2877
4954.1100,319.6204,1.5343,19.2833,26.0716
5066.1400,319.5746,1.7688,18.2196,25.9926
5180.7000,319.6463,1.4000,18.1665,28.2972
5297.7800,319.9378,2.0420,16.3351,28.0667
5417.4100,319.9700,1.8762,17.7144,26.9736
5539.5600,320.0789,1.3176,18.0379,22.7508
5664.2400,320.0538,1.4460,16.7574,25.9790
5791.4600,320.4621,1.0478,16.9876,24.2355
5921.2000,320.4703,1.0057,18.7253,28.7681
6053.4800,320.4299,1.2122,19.2137,25.7238
6188.2900,320.4554,1.0809,21.1865,23.5245
6325.6300,320.8357,0.8835,18.6415,25.8733
6465.5100,322.5979,0.7171,19.3870,26.7545
6607.9100,322.5589,0.9152,20.9624,23.3745
6752.8500,322.9405,0.6765,21.3435,24.2278
6900.3200,322.9693,0.5300,21.0484,27.3249
7050.3200,324.6928,0.5236,21.0320,25.5918
7202.8500,325.4514,0.3098,22.9914,23.8097
7357.9100,326.0215,0.4801,20.5405,24.0822
7515.5100,327.9787,0.1935,21.7933,23.4154
7675.6300,327.9943,0.1155,26.2356,22.8275
7838.2900,327.9575,0.2993,25.6057,23.4534
8003.4800,327.9643,0.2653,25.4310,23.5499
8171.2000,327.9924,0.1245,28.7014,23.5161
8341.4600,327.9862,0.1557,30.4842,22.4662
8514.2400,329.4875,0.2014,34.1684,22.2997
8689.5600,329.7472,0.1625,29.4794,22.2560
8867.4100,329.7485,0.1560,31.2594,25.8198
9047.7900,331.6363,0.0906,31.7013,24.2351
9230.7000,331.6266,0.1385,31.7190,20.2336
9416.1400,336.6195,0.1432,33.5357,20.7879
9604.1100,336.8404,0.1244,32.7104,20.4915
9794.6200,338.4118,0.1193,34.1040,19.0756
9987.6600,338.4102,0.1269,34.6127,17.8425
10183.2300,340.8203,0.0544,31.8121,17.2502
10381.3300,344.4527,0.0662,34.5885,17.1909
10581.9600,344.4450,0.1031,32.0769,16.1749
10785.1300,345.9996,0.0694,32.5136,15.3550
10990.8200,346.0061,0.0386,34.5438,14.2788
11199.0500,346.0015,0.0606,33.5600,10.9788
11409.8100,346.0128,0.0270,32.8108,11.9773
11623.1000,347.6115,0.0483,32.2084,10.5800
11838.9200,348.5900,0.0300,32.4828,11.4523
12057.2800,349.2700,0.0200,33.2857,13.0631
12278.1600,350.6400,0.0200,31.4172,8.1368
12501.5800,352.2300,0.0200,35.1984,5.9997
12727.5300,356.7100,0.0400,34.2851,7.0587
12956.0100,359.7100,0.0700,28.6187,6.0652
13187.0300,361.2300,0.0500,25.2062,7.7636
13420.5700,362.7600,0.0400,19.6582,7.6238
13656.6500,364.3100,0.0300,19.3057,8.9259
13895.2500,367.3800,0.0200,18.1964,11.0429
14136.3900,371.6400,0.0200,16.4736,12.7696
14380.0600,375.7000,0.0200,14.0372,12.0427
14626.2700,379.7500,0.0100,14.6780,12.9705
14875.0000,383.8500,0.0100,18.7300,13.4832
15125.0000,387.5500,0.0100,15.1755,9.6273
15375.0000,391.1000,0.0100,14.5164,11.8185
15625.0000,394.6600,0.0100,14.7200,11.5379
15875.0000,398.2100,0.0100,13.9846,10.5946
16125.0000,402.9100,0.0100,11.6503,10.7396
16375.0000,407.7900,0.0100,11.5694,9.0660
16625.0000,412.6800,0.0100,11.3316,7.3489
16875.0000,417.5600,0.0100,10.1696,8.7764
17125.0000,422.5000,0.0100,13.1427,8.0306
17375.0000,427.5000,0.0100,9.4754,11.3291
17625.0000,432.5000,0.0100,12.4191,8.9898
17875.0000,437.5000,0.0100,11.7273,10.1610
18000.0000,437.5000,0.0100,11.7268,8.7688
