944.96, 304.98,  18.95
25.0000,304.9800,19.1079,-2.2300,9.0600
75.0000,305.1300,18.8234,-2.8700,11.4800
125.0000,305.2700,18.5779,-3.3700,13.4800
175.0000,305.3700,18.4485,-3.5500,14.4800
225.0000,305.4700,18.3390,-3.6900,15.4200
275.0000,305.5600,18.2391,-3.7500,16.2400
325.0000,305.6700,18.1499,-3.7600,17.0800
375.0000,305.7900,18.0517,-3.6700,17.9700
425.0000,305.9200,17.9539,-3.5100,18.8800
475.0000,306.0700,17.8376,-3.2300,19.8500
525.0000,306.2400,17.7123,-1.9060,17.8361
575.0000,306.4300,17.5781,-1.7719,22.0904
625.0000,306.6100,17.4631,-1.4047,23.4064
675.0000,306.7500,17.3861,0.2933,22.2870
725.0000,306.8600,17.2888,-1.8750,24.9654
775.0000,306.9400,17.1322,1.0867,23.6707
825.0000,307.0200,16.9465,-1.1455,23.2346
875.0000,307.0700,16.7017,0.3792,24.1563
925.0000,307.1219,16.4182,0.9979,25.6409
975.0000,307.4686,14.5883,1.7654,23.8893
1025.0000,308.0003,16.6697,4.2158,24.6366
1075.0000,308.2696,15.2513,4.4609,25.4472
1125.0000,308.0451,16.4135,-0.2522,24.8489
1175.0000,308.7673,12.6193,4.2500,22.8728
1225.0000,308.5715,13.6392,2.5829,27.5053
1275.0000,308.8806,16.5809,5.9020,25.6514
1325.0000,309.5713,13.5711,4.5837,27.1401
1375.0000,309.1811,15.5972,5.3877,26.4651
1425.0000,309.2434,15.2634,6.9499,27.8607
1475.0000,309.1825,15.2572,7.2758,25.9364
1525.0000,310.0566,11.3572,9.0859,29.9022
1575.0000,310.7566,11.7649,8.7898,27.5188
1625.0000,311.3788,8.4900,13.6334,26.2046
1675.0000,311.2429,9.2002,13.3493,27.8037
1725.0000,311.3635,8.5594,17.0240,25.0129
1775.0000,311.2790,8.9989,15.1298,24.8502
1825.0000,311.1516,9.6625,14.9023,28.3005
1875.0000,311.5155,7.7444,15.9139,24.5594
1925.0000,311.5933,7.3299,16.9600,26.4019
1975.0000,311.8988,7.8530,16.8280,24.0405
2025.0000,313.0993,8.8311,15.1599,24.8722
2075.0000,313.5605,6.4197,17.5030,22.7352
2125.0000,314.6153,5.3546,16.5824,22.9017
2175.0000,314.4590,6.1719,18.4541,22.3406
2225.0000,314.8110,4.3187,18.4888,22.0616
2275.0000,314.6181,5.3301,19.9703,22.9563
2325.0000,314.5562,5.6519,18.6219,20.2881
2375.0000,314.8534,4.0883,21.4070,21.7529
2425.0000,314.8225,4.2487,19.3204,21.5732
2475.0000,314.7852,4.4419,18.8918,20.4908
2525.0000,314.8020,4.3517,21.7882,20.9502
2575.0000,314.4409,6.2388,19.2816,21.4107
2625.0000,314.5811,5.5033,18.5458,19.2926
2675.0000,315.0332,3.1314,18.8379,20.6954
2725.0000,315.1542,2.4936,18.9898,18.8614
2775.0000,315.0430,3.0769,22.9247,21.3039
2825.0000,315.2316,2.0845,21.6382,20.1352
2875.0000,315.0319,3.8493,20.0956,18.5229
2925.0000,314.9557,4.2465,21.7170,19.7450
2975.0000,315.1741,3.1015,19.7231,21.7409
3025.0000,315.2602,2.6491,24.0111,17.5908
3076.2700,315.1022,3.4752,21.0537,19.7955
3130.0600,315.7575,2.9788,21.2933,19.6756
3186.3900,315.8272,2.6128,23.9451,20.8073
3245.2500,315.6662,3.4526,21.4862,21.3396
3306.6500,315.8525,2.4783,22.6900,15.7552
3370.5700,315.7907,2.8000,23.6232,19.8659
3437.0300,315.8663,2.4038,25.2428,20.5996
3506.0100,315.9413,2.2461,22.3016,17.7129
3577.5300,316.0312,1.7759,24.1168,20.4019
3651.5800,315.8949,2.4861,23.2733,21.3939
3728.1600,315.8948,2.4852,21.8286,21.2948
3807.2800,317.6419,2.1858,19.0348,26.1898
3888.9200,318.0709,1.9650,19.6703,25.5345
3973.1000,318.1279,1.6687,19.2758,25.2781
4059.8100,318.9660,1.8105,21.1273,27.2189
4149.0500,318.9103,2.0975,20.5580,27.1255
4240.8200,318.9125,2.0849,19.4419,26.1323
4335.1300,319.7330,2.3643,18.7694,24.2891
4431.9600,319.8386,1.8199,18.8894,26.4060
4531.3300,319.8117,1.9572,18.8985,26.4663
4633.2300,319.8524,1.7472,19.5947,26.0934
4737.6600,319.8667,1.6727,20.7786,28.3807
4844.6200,319.8839,1.5832,19.0825,25.7822
4954.1100,319.8646,1.6816,20.0339,25.0195
5066.1400,319.8302,1.8574,18.4079,27.1452
5180.7000,319.9080,1.4573,15.0274,26.5375
5297.7800,319.9128,1.4324,17.4800,24.5876
5417.4100,319.8251,1.8812,19.0052,26.1776
5539.5600,320.3032,1.3929,18.7993,24.6125
5664.2400,320.3814,0.9917,21.3169,26.0854
5791.4600,320.2851,1.4843,20.6743,23.2498
5921.2000,320.3988,0.9017,21.5266,27.9898
6053.4800,320.3850,1.0176,21.4902,25.2955
6188.2900,322.8305,0.6136,20.4411,25.0079
6325.6300,322.8978,0.7685,23.3628,23.8211
6465.5100,323.0497,0.7471,20.9396,25.7633
6607.9100,323.5191,0.6422,20.1070,23.0413
6752.8500,323.5546,0.4620,21.7538,25.0329
6900.3200,324.8669,0.3167,20.5506,25.4477
7050.3200,324.8496,0.4043,21.5862,23.6257
7202.8500,326.1460,0.4043,22.7634,22.7863
7357.9100,326.1497,0.3854,26.2025,22.2987
7515.5100,326.1613,0.3269,24.1106,21.1781
7675.6300,326.5605,0.2433,27.8984,23.5768
7838.2900,326.5761,0.1651,23.7645,26.0554
8003.4800,327.8093,0.1167,26.9469,22.6379
8171.2000,328.3177,0.0746,28.1161,22.3767
8341.4600,328.3143,0.0916,29.0150,24.4637
8514.2400,328.3067,0.1295,27.6936,24.5576
8689.5600,331.0129,0.1166,30.9682,20.5977
8867.4100,332.3081,0.0735,27.8062,21.1270
9047.7900,332.3049,0.0893,32.0684,21.6453
9230.7000,334.2564,0.0230,33.4981,22.2030
9416.1400,334.9048,0.1052,32.8551,20.4654
9604.1100,336.9328,0.1144,33.7291,20.6633
9794.6200,338.7726,0.0911,36.1047,20.6854
9987.6600,338.8402,0.0640,34.8783,15.5324
10183.2300,341.1180,0.0781,35.6004,15.8877
10381.3300,341.5833,0.0689,34.6923,19.5004
10581.9600,343.8834,0.0597,36.0051,18.3657
10785.1300,343.8763,0.0939,32.6852,15.6711
10990.8200,344.9704,0.0614,33.2109,13.4791
11199.0500,344.9760,0.0350,32.5812,11.2447
11409.8100,347.1521,0.0690,34.1877,13.5185
11623.1000,349.0802,0.0465,31.9466,13.9472
11838.9200,349.0837,0.0300,30.3014,12.6080
12057.2800,349.2700,0.0200,30.2596,11.0708
12278.1600,350.6400,0.0200,33.7037,10.7572
12501.5800,352.2300,0.0200,35.0625,4.5617
12727.5300,356.7100,0.0400,30.5698,5.9848
12956.0100,359.7100,0.0700,29.7100,9.4065
13187.0300,361.2300,0.0500,26.1905,7.0031
13420.5700,362.7600,0.0400,19.6342,8.3921
13656.6500,364.3100,0.0300,18.9456,8.9864
13895.2500,367.3800,0.0200,16.7664,12.0754
14136.3900,371.6400,0.0200,15.7964,12.3701
14380.0600,375.7000,0.0200,15.6784,16.4586
14626.2700,379.7500,0.0100,16.3545,14.9495
14875.0000,383.8500,0.0100,18.1631,9.6750
15125.0000,387.5500,0.0100,12.7035,14.0752
15375.0000,391.1000,0.0100,15.1096,11.0994
15625.0000,394.6600,0.0100,13.8140,9.7095
15875.0000,398.2100,0.0100,12.9220,8.3209
16125.0000,402.9100,0.0100,11.7147,8.8027
16375.0000,407.7900,0.0100,13.6605,8.3583
16625.0000,412.6800,0.0100,13.2194,6.4611
16875.0000,417.5600,0.0100,12.7641,10.3647
17125.0000,422.5000,0.0100,7.7394,10.4534
17375.0000,427.5000,0.0100,12.5174,10.3915
17625.0000,432.5000,0.0100,13.6928,9.8217
17875.0000,437.5000,0.0100,12.7189,10.0270
18000.0000,437.5000,0.0100,9.6812,11.5026
