944.96, 304.98,  18.95
25.0000,304.9800,18.9500,-2.2300,9.0600
75.0000,305.1300,18.6700,-2.8700,11.4800
125.0000,305.2700,18.4300,-3.3700,13.4800
175.0000,305.3700,18.3100,-3.5500,14.4800
225.0000,305.4700,18.2100,-3.6900,15.4200
275.0000,305.5600,18.1200,-3.7500,16.2400
325.0000,305.6700,18.0400,-3.7600,17.0800
375.0000,305.7900,17.9500,-3.6700,17.9700
425.0000,305.9200,17.8600,-3.5100,18.8800
475.0000,306.0700,17.7500,-3.2300,19.8500
525.0000,306.2400,17.6300,-3.5146,23.8175
575.0000,306.4300,17.5000,-2.8532,20.1264
625.0000,306.6100,17.3900,-0.7472,22.5311
675.0000,306.7500,17.3200,-0.3375,21.8498
725.0000,306.8600,17.2300,-0.0587,23.3692
775.0000,306.9400,17.0800,1.5884,23.0736
825.0000,307.0200,16.9000,2.2414,24.2287
875.0000,307.0700,16.6600,0.6762,24.2706
925.0000,307.1219,16.3800,1.9562,25.0674
975.0000,307.0174,16.9437,1.2721,23.3303
1025.0000,307.6531,15.3760,6.1089,26.7828
1075.0000,307.4975,16.2136,0.5896,23.1373
1125.0000,309.8950,18.2549,3.7558,26.5834
1175.0000,309.9856,17.7703,4.1542,28.2991
1225.0000,310.5336,14.8459,4.3905,28.6681
1275.0000,310.6344,14.3095,5.1144,25.5859
1325.0000,310.8289,13.2747,6.6458,27.9896
1375.0000,310.3157,16.0077,3.8477,25.9737
1425.0000,311.3906,16.2594,8.7190,25.6084
1475.0000,311.6003,15.1455,11.2244,28.1726
1525.0000,312.0632,14.6501,7.9940,27.9816
1575.0000,312.3620,13.0680,9.1711,28.2243
1625.0000,311.9131,15.4462,11.0118,27.8290
1675.0000,312.2342,13.7445,12.2982,26.3608
1725.0000,313.3242,7.9935,14.2532,25.9730
1775.0000,312.9766,9.8232,13.1196,23.2232
1825.0000,313.0746,9.3072,14.5744,25.1938
1875.0000,313.3385,7.9185,14.7758,23.9692
1925.0000,313.2867,8.1910,16.7821,23.7702
1975.0000,313.9327,8.9977,17.3622,26.1519
2025.0000,314.3517,6.8009,16.7266,24.8040
2075.0000,314.8754,4.3769,17.6095,26.6231
2125.0000,314.8682,4.4142,22.0543,22.0810
2175.0000,314.6207,5.7075,21.2304,21.8729
2225.0000,314.5143,6.2638,17.7208,25.3394
2275.0000,315.3711,1.7931,16.8611,26.6902
2325.0000,315.0322,5.7136,17.8188,21.4879
2375.0000,314.9758,6.0084,18.9936,25.8263
2425.0000,315.1362,5.1706,20.5628,20.7566
2475.0000,315.2543,4.5549,21.8593,19.3460
2525.0000,315.2050,4.8117,19.8281,20.2669
2575.0000,315.1817,4.9332,20.9448,19.6424
2625.0000,315.3307,4.1565,19.3165,20.2961
2675.0000,314.9912,5.9276,19.1668,20.3963
2725.0000,315.3450,4.0819,19.3760,21.1787
2775.0000,315.2890,4.3738,18.6801,21.8405
2825.0000,315.3761,3.9201,22.3258,17.7297
2875.0000,315.5661,4.9090,21.2073,21.6736
2925.0000,315.8589,3.5858,22.4275,21.0000
2975.0000,315.8518,3.6228,22.1214,18.4433
3025.0000,315.8566,3.5978,22.1980,18.8108
3076.2700,316.0933,2.3674,25.0586,19.1720
3130.0600,316.5182,0.8876,22.1281,20.0065
3186.3900,316.1197,2.9554,22.4785,20.3939
3245.2500,316.1314,2.8947,22.2629,17.4265
3306.6500,316.0401,3.3691,23.2530,19.3107
3370.5700,316.2522,2.2674,23.1525,19.4316
3437.0300,316.0288,3.4279,23.3429,21.5179
3506.0100,317.2139,2.9044,21.7837,20.0421
3577.5300,317.2462,2.7371,21.9596,17.0046
3651.5800,317.5001,3.3905,22.4837,24.0758
3728.1600,317.6668,2.5284,21.8685,22.3552
3807.2800,319.5406,1.7847,22.2385,22.0348
3888.9200,319.4463,2.2690,21.4994,24.5713
3973.1000,319.4100,2.4554,19.0953,25.5190
4059.8100,320.7324,2.3529,17.8934,23.8258
4149.0500,320.8020,1.9967,17.5651,23.0897
4240.8200,320.6471,2.7896,19.4571,22.9099
4335.1300,320.8546,1.7275,18.3825,26.1003
4431.9600,320.8263,1.8724,22.7216,26.7013
4531.3300,320.7130,2.4522,20.0752,27.1740
4633.2300,320.8976,1.5075,17.3988,29.1811
4737.6600,320.8485,1.7587,17.5880,26.1474
4844.6200,320.9200,1.3933,17.6122,29.3134
4954.1100,320.8306,1.8500,19.8123,27.8965
5066.1400,320.8374,1.8155,16.1188,29.2936
5180.7000,320.8156,1.9272,16.1163,27.5348
5297.7800,320.9688,1.4550,17.2012,26.2435
5417.4100,320.8921,1.8475,20.8139,26.3811
5539.5600,321.6656,1.4831,18.8284,26.5357
5664.2400,321.7537,1.0338,18.2831,25.8654
5791.4600,321.6997,1.3093,15.2881,25.1469
5921.2000,322.7757,1.3948,19.2932,23.7057
6053.4800,322.8471,1.0317,17.8199,26.4816
6188.2900,322.8630,0.9510,20.7117,24.3500
6325.6300,322.8404,1.0656,21.8314,23.6499
6465.5100,323.4523,0.6752,20.2780,23.1674
6607.9100,324.2045,0.7568,21.6980,26.0246
6752.8500,326.6206,0.6220,19.7033,24.0450
6900.3200,326.6261,0.5945,22.3907,23.7965
7050.3200,326.6614,0.4172,22.2796,24.3211
7202.8500,326.6413,0.5180,22.3223,25.8467
7357.9100,328.2969,0.3979,23.4382,25.1593
7515.5100,328.3144,0.3102,25.8823,24.8230
7675.6300,328.3120,0.3224,25.3217,21.0019
7838.2900,328.3525,0.1201,26.4808,22.4983
8003.4800,328.6689,0.2560,28.2862,21.5998
8171.2000,329.7932,0.1790,26.3595,20.8821
8341.4600,330.5227,0.2422,28.0136,23.0976
8514.2400,332.3376,0.1653,28.4567,23.3093
8689.5600,332.3342,0.1817,32.9945,20.1178
8867.4100,332.6657,0.2114,29.9580,21.3242
9047.7900,334.7028,0.1807,31.1300,22.2113
9230.7000,337.3142,0.1076,33.8307,22.2444
9416.1400,337.3056,0.1495,31.8706,21.3260
9604.1100,337.6962,0.1376,32.8475,19.5759
9794.6200,340.3352,0.0936,33.2845,17.3192
9987.6600,340.3338,0.1003,32.2252,17.6917
10183.2300,342.2056,0.0748,37.7295,15.5273
10381.3300,343.2191,0.0583,34.8772,16.4165
10581.9600,345.5418,0.0663,36.2579,15.9470
10785.1300,348.1793,0.0955,34.3235,15.4099
10990.8200,348.1890,0.0497,31.6406,14.4107
11199.0500,348.1837,0.0752,32.7672,12.5449
11409.8100,350.1027,0.0285,32.1906,13.2991
11623.1000,350.0999,0.0414,34.0740,12.3210
11838.9200,350.1024,0.0300,31.9105,14.4982
12057.2800,350.1045,0.0200,31.3834,11.6434
12278.1600,350.6400,0.0200,33.0675,11.0018
12501.5800,352.2300,0.0200,35.5785,7.6559
12727.5300,356.7100,0.0400,31.9154,4.3479
12956.0100,359.7100,0.0700,26.9436,1.1391
13187.0300,361.2300,0.0500,24.2330,2.0196
13420.5700,362.7600,0.0400,22.3217,8.6865
13656.6500,364.3100,0.0300,16.3593,6.5923
13895.2500,367.3800,0.0200,16.2672,12.1504
14136.3900,371.6400,0.0200,17.3813,16.2543
14380.0600,375.7000,0.0200,17.0826,12.6496
14626.2700,379.7500,0.0100,19.5547,11.0842
14875.0000,383.8500,0.0100,16.3483,12.3032
15125.0000,387.5500,0.0100,14.4428,10.6437
15375.0000,391.1000,0.0100,12.4095,9.2316
15625.0000,394.6600,0.0000,13.8476,9.5248
15875.0000,398.2100,0.0000,11.4263,7.9905
16125.0000,402.9100,0.0000,10.7904,10.7779
16375.0000,407.7900,0.0000,11.1452,6.4485
16625.0000,412.6800,0.0000,8.8920,7.9314
16875.0000,417.5600,0.0000,11.3291,10.4578
17125.0000,422.5000,0.0000,11.0425,7.6752
17375.0000,427.5000,0.0000,11.3834,10.0727
17625.0000,432.5000,0.0000,9.9544,7.9540
17875.0000,437.5000,0.0000,13.0862,9.5088
18000.0000,437.5000,0.0000,10.9565,7.1030
