944.96, 304.98,  18.95
25.0000,304.9800,19.1079,-2.2300,9.0600
75.0000,305.1300,18.8234,-2.8700,11.4800
125.0000,305.2700,18.5779,-3.3700,13.4800
175.0000,305.3700,18.4485,-3.5500,14.4800
225.0000,305.4700,18.3390,-3.6900,15.4200
275.0000,305.5600,18.2391,-3.7500,16.2400
325.0000,305.6700,18.1499,-3.7600,17.0800
375.0000,305.7900,18.0517,-3.6700,17.9700
425.0000,305.9200,17.9539,-3.5100,18.8800
475.0000,306.0700,17.8376,-3.2300,19.8500
525.0000,306.2400,17.7123,-5.2088,20.2620
575.0000,306.4300,17.5781,-3.7713,19.6320
625.0000,306.6100,17.4631,-1.7687,20.6686
675.0000,306.7500,17.3861,-0.2961,23.2838
725.0000,306.8600,17.2888,-1.1989,22.6157
775.0000,306.9400,17.1322,0.8276,21.4908
825.0000,307.0200,16.9465,1.7309,25.2641
875.0000,307.0700,16.7017,-1.0370,26.3526
925.0000,307.1219,16.4182,-0.3784,25.5436
975.0000,307.8066,17.9779,2.7871,24.3124
1025.0000,308.6345,13.6351,1.6480,25.6697
1075.0000,308.4612,14.5351,4.7883,23.7598
1125.0000,308.6531,14.7309,1.3509,29.8089
1175.0000,308.4071,16.0060,1.2880,27.5040
1225.0000,308.7252,14.3335,2.8147,27.1436
1275.0000,308.4484,15.7694,4.3864,26.9104
1325.0000,308.7692,14.0845,5.0530,27.2488
1375.0000,308.6264,14.8216,2.9818,28.4376
1425.0000,308.5361,15.0452,4.5378,27.0826
1475.0000,308.8927,13.4127,7.0158,24.6513
1525.0000,309.2786,11.3812,11.6857,29.1965
1575.0000,309.9495,10.2128,10.3411,27.5503
1625.0000,309.6304,11.8821,10.6079,25.7178
1675.0000,310.1160,9.3245,11.6308,27.1232
1725.0000,312.5150,12.3705,11.9247,24.9304
1775.0000,313.2057,8.7574,15.7047,23.4977
1825.0000,313.0627,9.5004,12.9970,23.2357
1875.0000,313.2866,8.3221,16.7125,24.9678
1925.0000,313.3899,7.7753,16.4273,25.9856
1975.0000,313.5344,7.0121,13.6525,23.2276
2025.0000,313.4729,7.3302,15.0786,25.3304
2075.0000,313.3661,7.9416,18.1238,23.9458
2125.0000,314.4566,6.3646,15.7577,22.9038
2175.0000,314.6408,5.3941,21.9060,22.4608
2225.0000,314.4818,6.2250,19.8084,22.0970
2275.0000,314.2221,7.5789,16.6363,24.0821
2325.0000,314.4889,6.1804,17.6672,20.1131
2375.0000,314.7484,4.8169,18.7044,25.9858
2425.0000,314.4034,6.6205,21.1700,19.6258
2475.0000,314.6995,5.0679,20.1123,21.0650
2525.0000,314.7977,4.6219,18.6823,18.5864
2575.0000,314.7569,4.8330,21.2069,19.4586
2625.0000,314.6695,5.2883,19.4896,22.2232
2675.0000,314.9004,4.0765,20.1893,22.0836
2725.0000,314.8812,4.1754,20.9544,21.1497
2775.0000,314.7381,4.9221,20.3976,21.0748
2825.0000,314.7825,4.6876,20.0978,19.1502
2875.0000,315.0145,3.4711,22.8140,19.9290
2925.0000,315.0226,3.4271,23.1362,19.2172
2975.0000,314.8336,4.4146,22.1974,16.8809
3025.0000,315.0834,3.1060,21.5276,20.5260
3076.2700,315.1652,2.6760,19.6090,20.5097
3130.0600,315.2794,2.0759,23.2635,21.8503
3186.3900,315.2138,2.4189,22.9020,19.0812
3245.2500,315.1832,2.5781,22.8031,19.4427
3306.6500,315.4524,1.1655,23.3119,23.2669
3370.5700,315.1244,2.8830,24.8151,19.9176
3437.0300,316.6203,2.6661,22.2708,21.0643
3506.0100,316.5592,2.9825,21.5891,21.7104
3577.5300,316.5635,2.9589,21.0877,21.8731
3651.5800,316.6777,2.3631,24.8126,19.9723
3728.1600,316.6884,2.3061,19.7510,22.1533
3807.2800,318.1786,3.3127,22.4264,24.0989
3888.9200,318.4030,2.1499,19.0879,25.5773
3973.1000,318.6089,1.0817,19.7480,28.4842
4059.8100,319.1544,2.1819,16.6421,26.4232
4149.0500,319.2622,1.6238,18.2955,24.2206
4240.8200,319.2451,1.7113,20.3211,26.2598
4335.1300,319.4060,0.8796,20.8838,25.7143
4431.9600,319.3871,0.9767,17.0073,24.4882
4531.3300,319.2449,1.7094,18.2423,25.9499
4633.2300,319.2884,1.4846,19.5242,25.9450
4737.6600,319.2199,1.8364,17.0818,27.7054
4844.6200,319.2287,1.7903,17.9605,27.6170
4954.1100,319.2961,1.4426,20.6215,26.9336
5066.1400,319.2958,1.4439,19.9592,27.6901
5180.7000,319.3736,1.0425,18.9015,24.8608
5297.7800,319.2517,1.6692,21.6026,26.4657
5417.4100,319.2871,1.4867,18.5759,24.6087
5539.5600,320.7667,1.5529,16.9989,25.8460
5664.2400,320.8192,1.2835,16.9086,25.1908
5791.4600,320.7881,1.4422,21.0319,26.2690
5921.2000,320.9001,0.8689,17.3238,25.8501
6053.4800,320.8631,1.0577,17.4448,22.7851
6188.2900,320.8834,0.9539,19.0228,23.2384
6325.6300,322.3501,0.9814,20.0993,26.0504
6465.5100,322.3590,0.9360,19.7206,21.3571
6607.9100,322.3955,0.7500,20.2079,22.8514
6752.8500,324.1959,0.5492,20.2757,24.5187
6900.3200,324.1696,0.6823,22.0832,23.8852
7050.3200,325.1404,0.4255,21.8564,23.8696
7202.8500,325.1782,0.2346,22.5273,21.1958
7357.9100,325.1827,0.2120,22.3024,24.7722
7515.5100,325.1673,0.2896,22.9432,25.4388
7675.6300,326.1852,0.0688,27.4877,24.7366
7838.2900,327.7782,0.2545,26.6382,26.2090
8003.4800,327.7944,0.1737,27.6957,22.6498
8171.2000,329.4234,0.0892,28.8773,22.7729
8341.4600,329.7972,0.1015,26.9500,21.2060
8514.2400,329.8075,0.0506,28.1810,19.7233
8689.5600,329.7991,0.0922,32.6520,21.3685
8867.4100,330.7760,0.1053,34.0628,23.6880
9047.7900,332.2852,0.0644,32.3324,25.6209
9230.7000,334.3536,0.0808,31.7762,19.5916
9416.1400,335.5032,0.1336,35.6621,20.4831
9604.1100,335.5122,0.0894,34.5886,22.2189
9794.6200,337.1164,0.1033,35.7308,20.7449
9987.6600,338.1358,0.0605,33.5522,18.6176
10183.2300,340.2406,0.0300,31.9514,18.9613
10381.3300,341.6004,0.0676,36.0261,18.8348
10581.9600,345.8223,0.0759,32.0342,16.0301
10785.1300,347.0982,0.0623,32.0313,15.3727
10990.8200,347.0997,0.0555,31.9654,14.8139
11199.0500,347.1035,0.0376,32.8803,13.0524
11409.8100,347.1083,0.0150,32.4229,15.5360
11623.1000,347.5670,0.0409,32.3987,11.9586
11838.9200,348.5900,0.0300,33.0946,12.8060
12057.2800,349.2700,0.0200,32.9863,11.0217
12278.1600,350.6400,0.0200,34.2496,10.1275
12501.5800,352.2300,0.0200,34.7173,8.4825
12727.5300,356.7100,0.0400,33.6030,7.3533
12956.0100,359.7100,0.0700,25.6016,4.5937
13187.0300,361.2300,0.0500,26.0862,8.5032
13420.5700,362.7600,0.0400,22.3998,8.2452
13656.6500,364.3100,0.0300,19.2850,7.3570
13895.2500,367.3800,0.0200,17.3105,10.3169
14136.3900,371.6400,0.0200,15.5416,13.0815
14380.0600,375.7000,0.0200,16.5988,13.2522
14626.2700,379.7500,0.0100,18.2397,14.1993
14875.0000,383.8500,0.0100,16.0199,13.7513
15125.0000,387.5500,0.0100,14.9922,10.8917
15375.0000,391.1000,0.0100,11.6400,9.8477
15625.0000,394.6600,0.0100,12.0032,9.3972
15875.0000,398.2100,0.0100,10.6908,9.2778
16125.0000,402.9100,0.0100,10.2062,7.8087
16375.0000,407.7900,0.0100,13.2354,9.2795
16625.0000,412.6800,0.0100,10.8097,6.5307
16875.0000,417.5600,0.0100,10.3203,8.2843
17125.0000,422.5000,0.0100,11.9961,9.8265
17375.0000,427.5000,0.0100,11.4147,9.1851
17625.0000,432.5000,0.0100,10.7421,9.0524
17875.0000,437.5000,0.0100,12.4958,13.1299
18000.0000,437.5000,0.0100,9.0994,12.6248
