944.96, 304.98,  18.95
25.0000,304.9800,19.1079,-2.2300,9.0600
75.0000,305.1300,18.8234,-2.8700,11.4800
125.0000,305.2700,18.5779,-3.3700,13.4800
175.0000,305.3700,18.4485,-3.5500,14.4800
225.0000,305.4700,18.3390,-3.6900,15.4200
275.0000,305.5600,18.2391,-3.7500,16.2400
325.0000,305.6700,18.1499,-3.7600,17.0800
375.0000,305.7900,18.0517,-3.6700,17.9700
425.0000,305.9200,17.9539,-3.5100,18.8800
475.0000,306.0700,17.8376,-3.2300,19.8500
525.0000,306.2400,17.7123,-1.5951,20.0438
575.0000,306.4300,17.5781,0.1836,19.1720
625.0000,306.6100,17.4631,-2.1442,24.0693
675.0000,306.7500,17.3861,-2.2855,26.0530
725.0000,306.8600,17.2888,0.7764,23.0077
775.0000,306.9400,17.1322,1.9070,23.3441
825.0000,307.0200,16.9465,0.2486,24.7460
875.0000,307.0700,16.7017,-0.8327,22.3569
925.0000,307.1219,16.4182,1.7052,21.8132
975.0000,308.7814,16.7169,0.9577,22.2635
1025.0000,308.9268,15.9462,1.4076,23.3518
1075.0000,308.8610,16.2776,4.3680,24.0341
1125.0000,308.8232,16.4630,3.5729,22.3093
1175.0000,308.7387,17.2881,2.1353,23.6632
1225.0000,309.1407,16.0712,3.9382,24.5727
1275.0000,309.0295,16.6381,4.4687,24.6543
1325.0000,309.1292,16.1091,5.1455,24.0610
1375.0000,310.9769,12.1774,5.2276,26.6494
1425.0000,310.8485,12.8407,5.0143,26.5593
1475.0000,311.0671,11.6883,6.9662,27.2476
1525.0000,310.7228,13.4787,9.4624,28.0111
1575.0000,311.4412,10.9593,12.2623,27.6135
1625.0000,311.3380,11.4916,11.7653,25.1346
1675.0000,311.6776,10.1905,11.9473,25.9713
1725.0000,312.8450,9.2405,13.4652,27.6717
1775.0000,312.7275,10.6099,14.8040,23.0651
1825.0000,313.5159,8.8630,13.7786,25.2546
1875.0000,313.7868,7.4375,16.4866,25.2580
1925.0000,313.7667,7.5381,15.0943,21.6966
1975.0000,314.0225,7.4596,18.3926,26.9865
2025.0000,314.0013,7.5660,17.5392,28.1851
2075.0000,313.9374,7.8958,18.2742,23.7156
2125.0000,314.5559,4.6449,16.7380,24.2802
2175.0000,314.3979,5.4730,17.1317,24.6334
2225.0000,314.3536,7.6936,17.8878,24.7954
2275.0000,314.9681,4.4704,17.6723,21.5363
2325.0000,314.9646,4.4860,18.4554,19.5516
2375.0000,314.5276,6.7727,20.0700,22.2401
2425.0000,314.8601,5.0290,18.8028,24.6132
2475.0000,315.2016,3.2328,17.8559,21.4487
2525.0000,314.6983,5.8703,19.1224,20.5264
2575.0000,315.0794,3.8716,17.9000,20.7952
2625.0000,314.9850,4.3647,20.0050,19.6881
2675.0000,315.2286,3.0844,21.6448,20.2154
2725.0000,315.0196,4.1791,19.6970,22.0512
2775.0000,314.9669,4.4528,22.6805,20.5381
2825.0000,315.0907,4.5310,19.1652,21.3608
2875.0000,315.0211,4.8927,22.0416,20.2098
2925.0000,315.3005,3.4297,23.5390,18.1007
2975.0000,315.2664,3.6069,22.0615,22.6606
3025.0000,315.0881,4.5367,21.4292,19.4472
3076.2700,315.3476,3.1789,20.1851,19.0994
3130.0600,316.3294,2.5838,25.0658,18.2397
3186.3900,316.6889,3.3860,23.3279,19.8117
3245.2500,316.7186,3.2292,23.9171,16.5087
3306.6500,316.9470,2.9815,24.3560,19.5976
3370.5700,317.1435,1.9559,22.0010,21.0615
3437.0300,317.1916,2.0218,21.6826,21.4691
3506.0100,317.8802,1.9716,24.1069,19.3803
3577.5300,318.6371,1.4127,22.1175,19.9334
3651.5800,318.3606,2.8457,23.0158,20.5342
3728.1600,318.6182,1.5089,23.8925,23.3221
3807.2800,319.3768,2.0177,20.9737,24.9517
3888.9200,319.3269,2.2740,19.9778,24.5088
3973.1000,319.6651,2.9953,22.2599,27.2109
4059.8100,319.9970,1.2828,20.4074,29.9981
4149.0500,320.4082,3.0259,21.9334,26.7580
4240.8200,320.6375,1.8463,22.1537,27.7839
4335.1300,321.4912,2.4140,20.4893,24.3231
4431.9600,321.6109,1.7995,20.2822,24.4855
4531.3300,321.7494,1.0884,18.1611,23.0165
4633.2300,321.5746,1.9835,19.0892,25.8871
4737.6600,321.6920,1.3813,18.1876,24.8018
4844.6200,321.5883,1.9112,19.6766,25.1377
4954.1100,321.5333,2.1912,21.2663,25.6537
5066.1400,321.5857,1.9222,18.6465,30.2372
5180.7000,321.6750,1.4653,16.3482,25.9323
5297.7800,321.6246,1.7222,18.5396,25.7258
5417.4100,321.6664,1.5080,18.5977,26.0134
5539.5600,322.1479,1.4163,16.9746,25.5659
5664.2400,322.1665,1.6057,19.8375,24.2986
5791.4600,325.1462,0.9799,17.6310,24.3414
5921.2000,325.0724,1.3525,16.0747,26.8515
6053.4800,325.0674,1.3769,20.8121,25.8869
6188.2900,325.1582,0.9180,18.1285,26.7745
6325.6300,325.1250,1.0851,19.5773,24.7449
6465.5100,325.1785,0.8147,19.5256,25.0926
6607.9100,325.4195,0.4713,20.7773,24.2689
6752.8500,325.3787,0.6769,22.3547,24.2444
6900.3200,326.0047,0.5561,18.6120,23.2941
7050.3200,326.0839,0.3291,21.4012,21.5079
7202.8500,328.7950,0.4454,25.5619,25.8683
7357.9100,328.8116,0.3621,22.7161,23.0496
7515.5100,329.3934,0.3354,25.1884,25.3988
7675.6300,329.4336,0.1350,25.2390,25.4691
7838.2900,329.4495,0.0561,26.1688,22.3512
8003.4800,329.4307,0.1497,26.0986,22.3090
8171.2000,329.6694,0.2518,27.4704,21.7734
8341.4600,330.5227,0.1531,29.3069,23.2378
8514.2400,331.6203,0.2104,28.3714,21.2892
8689.5600,331.6446,0.0901,31.1041,22.0148
8867.4100,333.9868,0.0759,32.8970,21.8481
9047.7900,335.1026,0.0796,33.2973,19.1931
9230.7000,336.0411,0.1703,33.4036,23.3906
9416.1400,339.2951,0.0235,34.9829,19.6356
9604.1100,339.2765,0.1132,33.4787,19.9118
9794.6200,341.8997,0.0601,34.4269,21.0197
9987.6600,341.8917,0.0984,34.3503,14.8754
10183.2300,342.1334,0.0506,34.1196,18.0073
10381.3300,342.1328,0.0531,32.0061,17.8196
10581.9600,346.7139,0.0509,33.5204,15.5947
10785.1300,346.9174,0.0737,30.0762,14.4333
10990.8200,346.9402,0.0572,32.2995,13.4186
11199.0500,346.9455,0.0323,34.0890,12.4621
11409.8100,349.1356,0.0231,35.1840,12.7117
11623.1000,349.1331,0.0353,34.2860,13.2180
11838.9200,349.1342,0.0300,30.1823,11.6707
12057.2800,349.2700,0.0200,32.9150,13.2672
12278.1600,350.6400,0.0200,31.9111,10.7082
12501.5800,352.2300,0.0200,35.3529,9.5958
12727.5300,356.7100,0.0400,34.5860,5.8408
12956.0100,359.7100,0.0700,27.9067,7.6824
13187.0300,361.2300,0.0500,25.9421,6.5034
13420.5700,362.7600,0.0400,20.4099,5.2338
13656.6500,364.3100,0.0300,19.3431,8.9943
13895.2500,367.3800,0.0200,17.5416,12.4903
14136.3900,371.6400,0.0200,13.9856,13.2035
14380.0600,375.7000,0.0200,15.9730,15.0182
14626.2700,379.7500,0.0100,15.3837,13.3861
14875.0000,383.8500,0.0100,18.0414,13.7469
15125.0000,387.5500,0.0100,16.5126,10.7829
15375.0000,391.1000,0.0100,15.3739,10.6664
15625.0000,394.6600,0.0100,13.2313,9.1402
15875.0000,398.2100,0.0100,11.2732,9.8970
16125.0000,402.9100,0.0100,13.0091,9.6837
16375.0000,407.7900,0.0100,7.3295,9.5092
16625.0000,412.6800,0.0100,10.7208,8.6608
16875.0000,417.5600,0.0100,11.2178,9.3034
17125.0000,422.5000,0.0100,14.7846,11.5738
17375.0000,427.5000,0.0100,10.7150,7.5338
17625.0000,432.5000,0.0100,6.3440,7.9400
17875.0000,437.5000,0.0100,13.4926,11.7716
18000.0000,437.5000,0.0100,9.8010,9.3382
