944.96, 304.98,  18.95
25.0000,304.9800,18.9500,-2.2300,9.0600
75.0000,305.1300,18.6700,-2.8700,11.4800
125.0000,305.2700,18.4300,-3.3700,13.4800
175.0000,305.3700,18.3100,-3.5500,14.4800
225.0000,305.4700,18.2100,-3.6900,15.4200
275.0000,305.5600,18.1200,-3.7500,16.2400
325.0000,305.6700,18.0400,-3.7600,17.0800
375.0000,305.7900,17.9500,-3.6700,17.9700
425.0000,305.9200,17.8600,-3.5100,18.8800
475.0000,306.0700,17.7500,-3.2300,19.8500
525.0000,306.2400,17.6300,-3.2891,19.9518
575.0000,306.4300,17.5000,-3.5956,23.7731
625.0000,306.6100,17.3900,-3.5097,26.0637
675.0000,306.7500,17.3200,-3.8327,23.9300
725.0000,306.8600,17.2300,-0.0952,24.9103
775.0000,306.9400,17.0800,-0.5537,25.6509
825.0000,307.0200,16.9000,-0.7139,22.8557
875.0000,307.0700,16.6600,0.7049,20.8615
925.0000,307.1219,16.3800,2.0504,23.8725
975.0000,308.3548,14.2729,3.4990,23.6473
1025.0000,308.4328,13.8544,3.4887,23.1122
1075.0000,308.8396,14.8775,2.8674,25.1374
1125.0000,308.9536,14.2669,3.9152,26.4535
1175.0000,308.5852,16.2411,3.2826,26.5221
1225.0000,308.8930,16.1197,5.8856,28.6352
1275.0000,309.9915,15.6979,3.8607,28.8564
1325.0000,310.2716,14.2035,4.2408,24.2270
1375.0000,310.5319,12.8176,7.2356,28.5120
1425.0000,310.6270,12.3120,6.6705,26.6903
1475.0000,310.2751,14.1849,6.8642,26.2351
1525.0000,312.5036,13.1133,11.2140,31.0984
1575.0000,313.2540,9.1545,8.0915,25.9177
1625.0000,312.8884,11.2831,9.6763,28.4889
1675.0000,313.3754,8.7177,12.7975,26.2758
1725.0000,313.3420,8.8932,14.5478,24.5906
1775.0000,313.3994,8.5914,11.1003,25.1332
1825.0000,313.3554,8.8227,14.9098,27.2799
1875.0000,313.5982,7.5467,16.5059,27.8560
1925.0000,314.5897,5.6253,15.5984,25.3990
1975.0000,314.5205,5.9875,15.5263,23.0539
2025.0000,314.6345,5.3914,17.7860,24.1839
2075.0000,314.5103,6.0408,15.6852,23.9823
2125.0000,314.2587,7.3581,17.7577,25.3003
2175.0000,314.7739,4.6628,18.1875,24.0782
2225.0000,314.6454,5.3344,16.2814,22.7809
2275.0000,314.8052,4.4994,16.0222,23.0368
2325.0000,314.3375,6.9454,17.6873,22.1200
2375.0000,314.9428,3.7810,17.4222,21.4722
2425.0000,315.8956,5.2565,20.2949,23.3678
2475.0000,316.1053,4.1651,18.7429,22.7630
2525.0000,316.3033,3.1366,22.3382,22.8359
2575.0000,316.0096,4.6629,20.6554,22.0949
2625.0000,316.0949,4.2195,18.8773,21.8288
2675.0000,316.1282,4.0461,21.2776,19.9840
2725.0000,316.1566,3.8984,17.5782,19.1451
2775.0000,316.3315,2.9901,20.9196,18.9906
2825.0000,316.2177,3.5811,19.6990,19.0082
2875.0000,316.0951,4.2184,21.7487,22.6176
2925.0000,316.2508,3.4091,19.7726,21.0291
2975.0000,316.3063,3.1209,22.8019,20.2771
3025.0000,316.3617,2.8332,24.9242,20.7849
3076.2700,316.5520,1.8462,23.7497,19.5626
3130.0600,316.3847,2.7138,18.9586,19.7416
3186.3900,316.2265,3.5353,21.7245,19.9654
3245.2500,316.4101,2.5822,23.6933,18.8998
3306.6500,316.4049,2.6093,23.3578,19.9311
3370.5700,316.5925,1.9932,22.2607,20.1604
3437.0300,316.6852,1.5126,24.5087,20.0589
3506.0100,317.5925,2.4278,24.3178,20.6138
3577.5300,317.7163,1.7881,24.2234,20.1062
3651.5800,317.6887,1.9308,23.5383,21.9309
3728.1600,317.5265,2.7690,21.0217,21.5046
3807.2800,317.7689,1.5162,22.1504,23.9840
3888.9200,318.2049,0.9122,19.5339,24.3885
3973.1000,319.7119,1.8840,20.2166,26.6715
4059.8100,319.8819,1.0119,22.5623,27.9548
4149.0500,321.6419,0.8525,20.0601,26.4265
4240.8200,321.5855,1.1401,20.3642,25.6127
4335.1300,321.4757,1.7001,22.1454,26.6312
4431.9600,321.5867,1.1339,18.5260,26.9707
4531.3300,321.5014,1.5694,20.2715,27.5392
4633.2300,321.4541,1.8105,16.3334,26.5395
4737.6600,321.5152,1.4986,18.9230,26.4818
4844.6200,321.5582,1.2793,20.1394,28.8114
4954.1100,321.5946,1.0936,19.0455,25.6157
5066.1400,321.5960,1.0866,19.5177,25.8793
5180.7000,321.5064,1.5439,19.4940,26.5504
5297.7800,321.9103,1.2913,16.8129,23.5167
5417.4100,321.8361,1.6698,19.1689,27.8862
5539.5600,321.8476,1.6111,20.2141,26.1883
5664.2400,321.8450,1.6242,19.7559,24.2948
5791.4600,321.9147,1.2687,19.0558,25.3547
5921.2000,324.0421,1.1823,17.9911,26.0859
6053.4800,324.1162,0.8070,20.1087,25.8345
6188.2900,324.1243,0.7660,20.5588,24.9668
6325.6300,324.6307,0.9126,21.0574,25.0168
6465.5100,324.6928,0.5993,24.7825,24.4882
6607.9100,326.2869,0.5494,20.6577,23.7682
6752.8500,326.2953,0.5074,23.6092,21.5452
6900.3200,326.3158,0.4043,19.3296,24.7645
7050.3200,326.3007,0.4803,22.9147,24.1046
7202.8500,326.5428,0.2080,23.3623,25.4170
7357.9100,326.5348,0.3418,25.2864,22.6449
7515.5100,326.6577,0.2918,24.4615,22.2792
7675.6300,326.6946,0.1069,25.3300,24.1356
7838.2900,328.9642,0.1505,28.8084,22.3363
8003.4800,330.3595,0.1626,26.8827,23.3524
8171.2000,330.3613,0.1538,29.6558,20.9383
8341.4600,330.4684,0.0948,30.1942,24.2368
8514.2400,332.0019,0.1691,29.3596,22.5157
8689.5600,332.0176,0.0916,33.0641,19.9491
8867.4100,332.8473,0.1417,29.3663,22.6297
9047.7900,333.4962,0.0673,31.7291,22.9114
9230.7000,336.4865,0.0561,31.8811,20.4352
9416.1400,337.8152,0.0938,31.8002,21.5262
9604.1100,337.8167,0.0863,34.1114,21.8115
9794.6200,339.4815,0.0675,35.2760,17.0699
9987.6600,342.2381,0.0670,34.5007,18.2744
10183.2300,342.8507,0.0698,36.7140,16.3089
10381.3300,344.5525,0.0646,36.5951,15.3357
10581.9600,348.7648,0.0497,33.7845,19.0254
10785.1300,348.7678,0.0355,32.0330,13.6657
10990.8200,349.9788,0.0466,34.3733,16.2209
11199.0500,349.9753,0.0631,30.0026,13.5794
11409.8100,349.9822,0.0308,34.2867,13.7822
11623.1000,349.9817,0.0331,32.2875,11.4697
11838.9200,349.9824,0.0300,32.6793,12.9656
12057.2800,349.9845,0.0200,32.8388,9.4805
12278.1600,350.6400,0.0200,34.0992,10.5998
12501.5800,352.2300,0.0200,37.3723,8.5229
12727.5300,356.7100,0.0400,34.8134,7.6064
12956.0100,359.7100,0.0700,26.1443,5.5749
13187.0300,361.2300,0.0500,24.6118,5.6960
13420.5700,362.7600,0.0400,21.6780,8.2001
13656.6500,364.3100,0.0300,18.5670,7.7832
13895.2500,367.3800,0.0200,16.6091,9.9911
14136.3900,371.6400,0.0200,14.6288,16.0377
14380.0600,375.7000,0.0200,16.7558,13.6050
14626.2700,379.7500,0.0100,16.2407,14.1256
14875.0000,383.8500,0.0100,14.7807,15.0535
15125.0000,387.5500,0.0100,17.5888,10.0594
15375.0000,391.1000,0.0100,14.8767,10.7331
15625.0000,394.6600,0.0000,13.8846,9.6359
15875.0000,398.2100,0.0000,12.5188,10.4346
16125.0000,402.9100,0.0000,10.9934,6.5992
16375.0000,407.7900,0.0000,10.9470,7.6385
16625.0000,412.6800,0.0000,10.4613,9.1172
16875.0000,417.5600,0.0000,8.0736,9.7427
17125.0000,422.5000,0.0000,10.9099,5.9446
17375.0000,427.5000,0.0000,9.3888,7.4044
17625.0000,432.5000,0.0000,11.0859,8.3798
17875.0000,437.5000,0.0000,12.9375,9.1496
18000.0000,437.5000,0.0000,12.7959,10.4995
