944.96, 304.98,  18.95
25.0000,304.9800,19.1079,-2.2300,9.0600
75.0000,305.1300,18.8234,-2.8700,11.4800
125.0000,305.2700,18.5779,-3.3700,13.4800
175.0000,305.3700,18.4485,-3.5500,14.4800
225.0000,305.4700,18.3390,-3.6900,15.4200
275.0000,305.5600,18.2391,-3.7500,16.2400
325.0000,305.6700,18.1499,-3.7600,17.0800
375.0000,305.7900,18.0517,-3.6700,17.9700
425.0000,305.9200,17.9539,-3.5100,18.8800
475.0000,306.0700,17.8376,-3.2300,19.8500
525.0000,306.2400,17.7123,-2.8522,21.2731
575.0000,306.4300,17.5781,-1.7627,24.4249
625.0000,306.6100,17.4631,-2.8094,23.1690
675.0000,306.7500,17.3861,-0.4073,24.2383
725.0000,306.8600,17.2888,-0.1300,24.8832
775.0000,306.9400,17.1322,1.2265,22.7665
825.0000,307.0200,16.9465,0.3987,24.5205
875.0000,307.0700,16.7017,3.3269,25.6789
925.0000,307.1219,16.4182,4.7384,23.7630
975.0000,306.8982,17.0861,0.5066,23.4020
1025.0000,307.3490,15.2061,2.3584,23.9190
1075.0000,308.0467,14.9848,4.3667,26.6491
1125.0000,309.7842,13.9118,1.4250,26.0286
1175.0000,309.7909,13.8663,6.0990,27.0284
1225.0000,309.7319,14.1653,3.5577,27.1659
1275.0000,309.4518,15.6160,6.1546,27.4860
1325.0000,309.8536,13.5094,6.4482,28.9961
1375.0000,309.7116,14.2422,5.3386,28.5291
1425.0000,311.1219,12.7535,9.7687,28.4201
1475.0000,310.7044,14.9185,9.9610,28.9344
1525.0000,311.3048,14.7335,10.7674,27.8587
1575.0000,311.7369,12.4773,10.8119,26.1315
1625.0000,311.2926,14.7771,12.3005,29.0501
1675.0000,312.6116,10.6917,11.7648,27.9120
1725.0000,312.8464,11.0388,12.5005,26.8465
1775.0000,313.2494,8.9253,13.2327,28.1987
1825.0000,313.9085,9.8147,16.1412,26.2295
1875.0000,314.7743,5.2677,14.7235,25.3962
1925.0000,315.0804,8.7245,13.6227,24.2430
1975.0000,315.1636,8.2844,15.6213,26.0138
2025.0000,315.3402,7.3566,14.6979,25.2080
2075.0000,315.4679,6.6838,15.5982,23.9085
2125.0000,315.6637,5.6540,15.9879,24.9791
2175.0000,315.8882,4.4717,17.5569,24.5510
2225.0000,315.6251,5.8484,16.6244,23.7711
2275.0000,315.4930,6.5354,18.2539,23.2297
2325.0000,315.7404,5.2381,17.1044,21.6644
2375.0000,315.8366,4.7310,16.1652,22.7234
2425.0000,315.6630,5.6364,20.7185,23.5171
2475.0000,315.8775,4.5111,20.7692,20.9143
2525.0000,315.8205,4.8068,21.0256,23.7687
2575.0000,316.5649,4.4305,20.8879,20.3085
2625.0000,316.4221,5.1734,20.0445,19.6893
2675.0000,316.4834,4.8506,19.5612,19.7984
2725.0000,316.5042,4.7399,20.4215,22.4273
2775.0000,316.7185,3.6188,21.0586,20.8467
2825.0000,316.4112,5.2192,22.8174,19.3619
2875.0000,316.6944,3.7413,23.0108,19.6832
2925.0000,316.6585,3.9264,22.9632,23.8384
2975.0000,316.5996,4.2316,20.8074,20.5557
3025.0000,316.7109,3.6497,19.0523,21.0255
3076.2700,316.9758,2.2657,20.1694,18.8923
3130.0600,316.7493,3.4463,23.1452,18.3679
3186.3900,316.9097,2.6084,24.5193,20.5039
3245.2500,317.1275,1.4699,24.2584,18.1913
3306.6500,316.9385,2.4557,23.1481,20.1688
3370.5700,318.1175,3.3287,24.7271,19.9167
3437.0300,318.1868,2.9672,23.0812,22.3190
3506.0100,318.1884,2.9575,21.9436,22.2636
3577.5300,318.2687,2.5395,22.9519,19.5727
3651.5800,318.2038,2.8742,22.8980,21.9946
3728.1600,318.1330,3.2390,21.5007,22.8061
3807.2800,318.4644,1.5206,20.8904,22.6670
3888.9200,319.3175,2.4629,19.3190,26.0755
3973.1000,322.2672,1.4381,21.9308,26.4282
4059.8100,322.2979,1.2796,19.3553,26.5157
4149.0500,322.2518,1.5155,18.4222,25.6192
4240.8200,322.1993,1.7835,20.1518,25.2261
4335.1300,322.2883,1.3266,20.3370,23.4936
4431.9600,322.1175,2.1997,22.2694,27.0529
4531.3300,322.2508,1.5169,23.6720,22.8338
4633.2300,322.3491,1.0126,21.2708,26.6123
4737.6600,322.1569,1.9947,18.9953,26.7668
4844.6200,322.1897,1.8260,19.4701,26.4112
4954.1100,322.2260,1.6399,18.1625,27.4347
5066.1400,322.3242,1.1377,20.1702,26.1140
5180.7000,322.2501,1.5151,19.6971,27.3374
5297.7800,322.1726,1.9092,17.0820,26.0025
5417.4100,322.2888,1.3163,20.2480,24.0233
5539.5600,322.2892,1.3138,18.0014,24.8803
5664.2400,322.2843,1.3383,22.7523,25.2979
5791.4600,322.2988,1.2637,18.6171,22.9986
5921.2000,322.3411,1.0478,16.3471,26.2044
6053.4800,322.2975,1.2697,17.3505,28.1267
6188.2900,322.3264,1.1220,18.5724,24.6324
6325.6300,323.3309,0.7584,20.2855,23.0032
6465.5100,323.3249,0.7885,21.2804,23.6701
6607.9100,324.7792,0.6216,20.5772,24.6388
6752.8500,326.8241,0.2070,18.9728,23.6551
6900.3200,326.7749,0.4543,22.9161,23.6740
7050.3200,326.7870,0.3933,19.8445,25.0655
7202.8500,328.8331,0.4935,25.2490,23.6698
7357.9100,330.0396,0.3802,26.0080,24.9975
7515.5100,330.0726,0.2159,25.0218,21.9959
7675.6300,330.0778,0.1898,25.1969,22.9933
7838.2900,330.0632,0.2623,25.0947,21.9358
8003.4800,330.0854,0.1519,26.4023,21.9442
8171.2000,330.0891,0.1335,28.6992,23.3752
8341.4600,331.6593,0.1566,26.7910,23.8462
8514.2400,331.6713,0.0976,30.7380,20.0645
8689.5600,332.7531,0.1240,33.7077,21.2121
8867.4100,332.7584,0.0981,32.8742,22.1449
9047.7900,333.1078,0.1645,33.0298,21.2034
9230.7000,333.5811,0.1051,32.9492,22.9176
9416.1400,339.6455,0.0996,34.0257,20.6714
9604.1100,339.6533,0.0615,31.3408,23.6680
9794.6200,339.7575,0.0866,33.6952,18.9481
9987.6600,341.0763,0.0770,33.9257,17.9359
10183.2300,341.0730,0.0932,34.2879,15.3276
10381.3300,344.5547,0.0483,37.4570,17.8844
10581.9600,345.0052,0.0809,31.7743,17.8434
10785.1300,346.5429,0.0423,33.9155,15.4374
10990.8200,346.5426,0.0441,31.7624,13.5519
11199.0500,346.7582,0.0521,32.2672,13.5007
11409.8100,346.7577,0.0546,32.5495,14.3617
11623.1000,348.7598,0.0252,31.5370,10.6781
11838.9200,348.7588,0.0300,31.3455,10.3348
12057.2800,349.2700,0.0200,34.2260,11.7618
12278.1600,350.6400,0.0200,35.9933,10.6689
12501.5800,352.2300,0.0200,35.1669,8.2714
12727.5300,356.7100,0.0400,31.7886,5.9275
12956.0100,359.7100,0.0700,29.3750,6.4511
13187.0300,361.2300,0.0500,24.6910,6.9032
13420.5700,362.7600,0.0400,19.5596,7.0947
13656.6500,364.3100,0.0300,16.4358,8.5829
13895.2500,367.3800,0.0200,15.8584,11.3471
14136.3900,371.6400,0.0200,17.5038,16.4744
14380.0600,375.7000,0.0200,17.0288,14.0220
14626.2700,379.7500,0.0100,16.5987,13.2805
14875.0000,383.8500,0.0100,16.7279,10.4527
15125.0000,387.5500,0.0100,17.8679,11.8428
15375.0000,391.1000,0.0100,15.5250,12.3887
15625.0000,394.6600,0.0100,13.8358,6.6471
15875.0000,398.2100,0.0100,16.4404,8.5229
16125.0000,402.9100,0.0100,12.8749,7.3167
16375.0000,407.7900,0.0100,12.9569,9.9509
16625.0000,412.6800,0.0100,12.1152,8.3139
16875.0000,417.5600,0.0100,12.4434,8.2602
17125.0000,422.5000,0.0100,12.3881,9.0611
17375.0000,427.5000,0.0100,10.5351,9.1544
17625.0000,432.5000,0.0100,12.6994,9.5414
17875.0000,437.5000,0.0100,12.7948,9.4002
18000.0000,437.5000,0.0100,9.8476,10.9849
