944.96, 304.98,  18.95
25.0000,304.9800,19.1079,-2.2300,9.0600
75.0000,305.1300,18.8234,-2.8700,11.4800
125.0000,305.2700,18.5779,-3.3700,13.4800
175.0000,305.3700,18.4485,-3.5500,14.4800
225.0000,305.4700,18.3390,-3.6900,15.4200
275.0000,305.5600,18.2391,-3.7500,16.2400
325.0000,305.6700,18.1499,-3.7600,17.0800
375.0000,305.7900,18.0517,-3.6700,17.9700
425.0000,305.9200,17.9539,-3.5100,18.8800
475.0000,306.0700,17.8376,-3.2300,19.8500
525.0000,306.2400,17.7123,-3.4206,22.6921
575.0000,306.4300,17.5781,-3.6541,21.2115
625.0000,306.6100,17.4631,0.0699,20.1971
675.0000,306.7500,17.3861,2.1334,26.6749
725.0000,306.8600,17.2888,-1.1701,24.2439
775.0000,306.9400,17.1322,0.9917,24.3566
825.0000,307.0200,16.9465,-0.6596,25.6960
875.0000,307.0700,16.7017,-0.5279,23.8834
925.0000,307.1219,16.4182,-0.3682,25.6415
975.0000,306.6093,16.7875,1.9954,23.7183
1025.0000,307.5978,13.8986,0.3884,25.9281
1075.0000,308.5645,15.8316,2.5851,23.8044
1125.0000,308.6113,15.5760,3.1580,24.5282
1175.0000,308.8089,14.5322,2.8338,28.9909
1225.0000,308.6147,16.6504,3.6625,23.3377
1275.0000,309.0919,14.1510,3.1422,25.9542
1325.0000,308.8007,15.6609,6.7787,26.1593
1375.0000,311.0390,15.8908,4.5634,25.6528
1425.0000,311.0660,15.7401,6.7091,27.6850
1475.0000,311.2383,14.8362,8.9838,28.7117
1525.0000,311.7243,12.2981,7.9940,29.3129
1575.0000,311.8529,15.0668,11.7185,27.4956
1625.0000,312.4177,12.1260,10.7249,27.4251
1675.0000,312.6702,10.8010,12.6129,25.9248
1725.0000,312.6104,11.1056,13.6250,26.3125
1775.0000,313.3051,11.7315,14.1271,26.5044
1825.0000,313.9902,8.1487,16.7356,25.7442
1875.0000,314.1679,7.2115,13.3466,23.0268
1925.0000,313.5908,10.2235,13.1287,25.8136
1975.0000,313.7867,9.1961,17.8655,23.9163
2025.0000,313.8515,9.0155,17.5577,24.3018
2075.0000,314.2496,6.9291,16.7306,20.8092
2125.0000,314.2094,7.1353,19.3076,19.8832
2175.0000,314.6136,7.2685,18.3737,24.3468
2225.0000,314.6113,7.2764,20.9043,25.5502
2275.0000,314.8366,6.0938,17.3130,22.7659
2325.0000,314.7567,6.5086,19.5793,22.3390
2375.0000,314.5656,7.5019,18.1506,23.4217
2425.0000,314.9454,5.5142,22.3601,22.4794
2475.0000,314.8673,5.9198,18.3147,21.4437
2525.0000,314.9559,7.4710,18.7865,21.6485
2575.0000,315.3830,5.2406,22.3979,22.7199
2625.0000,315.3183,5.5757,18.8206,22.6698
2675.0000,315.5581,4.3200,19.1672,21.1472
2725.0000,315.5589,4.3139,22.9605,20.0936
2775.0000,315.3991,5.1461,18.6528,18.1022
2825.0000,315.6105,4.0401,20.6211,18.5493
2875.0000,315.2092,6.1302,23.8880,20.0326
2925.0000,315.4234,5.0124,19.1182,19.3237
2975.0000,316.6546,3.2742,20.7697,19.0798
3025.0000,316.5228,3.9600,24.4436,24.6816
3076.2700,316.8319,2.3454,23.8791,18.4755
3130.0600,316.7328,2.8615,23.1134,21.6526
3186.3900,317.0590,4.1548,23.1582,21.7630
3245.2500,317.4338,2.2028,22.9982,21.7244
3306.6500,317.1481,3.6881,22.2870,20.9653
3370.5700,317.3972,2.5370,22.2775,19.3499
3437.0300,317.4328,2.3504,22.9168,17.5360
3506.0100,317.4138,3.0361,23.4184,22.2621
3577.5300,317.6085,2.0231,22.4053,22.1451
3651.5800,317.4080,3.0628,22.9135,23.1283
3728.1600,317.4114,3.0437,22.7597,22.1249
3807.2800,317.4235,2.9793,22.3249,25.8846
3888.9200,319.7729,2.5537,19.1302,26.9040
3973.1000,321.4421,2.1873,17.6552,26.1901
4059.8100,321.5313,1.7278,20.0683,25.3256
4149.0500,321.5735,1.5099,13.8711,27.4349
4240.8200,321.3460,2.6757,21.9566,26.6813
4335.1300,321.4035,2.3796,22.3691,25.9637
4431.9600,321.5421,1.6681,17.1839,27.1901
4531.3300,321.4648,2.0632,20.3377,26.4466
4633.2300,321.4568,2.1025,19.5145,25.4489
4737.6600,321.4907,1.9281,19.4080,25.7290
4844.6200,321.5893,1.4224,19.2967,25.5118
4954.1100,321.4429,2.1701,17.3737,27.7370
5066.1400,321.5446,1.6497,15.8965,27.3502
5180.7000,321.5622,1.5591,19.1903,27.3745
5297.7800,322.2488,1.8504,18.0749,27.3499
5417.4100,322.4137,2.1392,17.2250,26.2917
5539.5600,322.5590,1.3993,20.8392,26.1209
5664.2400,322.5142,1.6265,17.4732,24.5676
5791.4600,322.5478,1.4549,17.9050,25.8154
5921.2000,322.5789,1.2961,16.0828,23.8440
6053.4800,326.5213,1.3127,19.0088,24.6185
6188.2900,326.5134,1.3522,20.0363,26.0761
6325.6300,326.6002,0.9151,19.3136,23.6654
6465.5100,326.5447,1.1935,19.2245,26.7634
6607.9100,326.6266,0.7817,20.0061,25.1976
6752.8500,326.6554,0.6370,23.6218,26.1842
6900.3200,326.6426,0.7008,22.1477,25.3584
7050.3200,326.6899,0.4633,18.4918,24.0597
7202.8500,327.3920,0.4199,22.4248,25.1130
7357.9100,327.3900,0.4294,24.5684,21.1281
7515.5100,327.4046,0.4522,25.3873,22.7688
7675.6300,327.6002,0.4378,25.6672,23.4383
7838.2900,328.3585,0.2966,25.8858,24.9919
8003.4800,330.3433,0.2469,27.6545,24.3496
8171.2000,330.3559,0.1844,26.7472,20.5503
8341.4600,330.7900,0.1398,26.9620,19.2538
8514.2400,331.8571,0.1355,30.0763,22.6970
8689.5600,335.0956,0.1530,31.0124,23.2289
8867.4100,335.1107,0.0792,31.5905,23.9965
9047.7900,335.7906,0.1489,33.2148,21.3357
9230.7000,336.0354,0.1403,32.9084,22.2374
9416.1400,336.0344,0.1451,33.8305,21.1095
9604.1100,340.9825,0.0876,34.6722,21.4509
9794.6200,340.9780,0.1094,31.7692,20.1732
9987.6600,341.1612,0.1169,32.2329,17.9808
10183.2300,344.5815,0.1490,32.4134,17.6660
10381.3300,344.5884,0.1164,34.5324,15.5363
10581.9600,347.9115,0.0710,34.1270,15.9705
10785.1300,349.1734,0.0688,30.6749,14.7085
10990.8200,349.1706,0.0820,32.5478,16.8081
11199.0500,349.1724,0.0736,33.5573,15.8559
11409.8100,349.6453,0.0417,35.3651,14.1757
11623.1000,349.6433,0.0511,30.5450,13.5083
11838.9200,349.6478,0.0300,31.8078,10.9447
12057.2800,349.6499,0.0200,31.2803,10.4934
12278.1600,350.6400,0.0200,33.1908,10.0980
12501.5800,352.2300,0.0200,35.0327,10.8646
12727.5300,356.7100,0.0400,30.9220,7.3060
12956.0100,359.7100,0.0700,29.7891,5.4200
13187.0300,361.2300,0.0500,25.5706,7.1965
13420.5700,362.7600,0.0400,18.4182,7.2767
13656.6500,364.3100,0.0300,19.1302,8.6854
13895.2500,367.3800,0.0200,15.9708,13.1530
14136.3900,371.6400,0.0200,16.5854,17.2971
14380.0600,375.7000,0.0200,14.4656,17.9871
14626.2700,379.7500,0.0100,16.5882,14.4840
14875.0000,383.8500,0.0100,18.0870,14.0852
15125.0000,387.5500,0.0100,14.7443,11.4452
15375.0000,391.1000,0.0100,11.4196,11.5592
15625.0000,394.6600,0.0100,11.2857,9.9427
15875.0000,398.2100,0.0100,9.6854,12.4754
16125.0000,402.9100,0.0100,10.6474,11.5284
16375.0000,407.7900,0.0100,12.1276,8.7974
16625.0000,412.6800,0.0100,8.5525,8.2563
16875.0000,417.5600,0.0100,12.6655,4.6844
17125.0000,422.5000,0.0100,11.8913,9.6250
17375.0000,427.5000,0.0100,9.5618,10.2538
17625.0000,432.5000,0.0100,11.4867,8.5860
17875.0000,437.5000,0.0100,13.0084,6.5926
18000.0000,437.5000,0.0100,10.4625,6.9051
