944.96, 304.98,  18.95
25.0000,304.9800,18.9500,-2.2300,9.0600
75.0000,305.1300,18.6700,-2.8700,11.4800
125.0000,305.2700,18.4300,-3.3700,13.4800
175.0000,305.3700,18.3100,-3.5500,14.4800
225.0000,305.4700,18.2100,-3.6900,15.4200
275.0000,305.5600,18.1200,-3.7500,16.2400
325.0000,305.6700,18.0400,-3.7600,17.0800
375.0000,305.7900,17.9500,-3.6700,17.9700
425.0000,305.9200,17.8600,-3.5100,18.8800
475.0000,306.0700,17.7500,-3.2300,19.8500
525.0000,306.2400,17.6300,-0.2689,18.7198
575.0000,306.4300,17.5000,-3.0321,20.5146
625.0000,306.6100,17.3900,-3.8222,21.0606
675.0000,306.7500,17.3200,-0.6039,25.0027
725.0000,306.8600,17.2300,-0.3647,22.5697
775.0000,306.9400,17.0800,-0.5461,23.9195
825.0000,307.0200,16.9000,-1.9944,24.2515
875.0000,307.0700,16.6600,-0.9172,25.7286
925.0000,307.1219,16.3800,2.0974,24.7867
975.0000,307.4127,15.0445,0.9925,28.4584
1025.0000,307.6957,13.5226,0.4236,22.3455
1075.0000,308.0775,16.1396,-0.0011,23.7278
1125.0000,308.7351,14.1055,3.8259,25.5233
1175.0000,308.3340,16.2562,6.2795,22.4973
1225.0000,309.3269,15.8063,3.5588,25.6080
1275.0000,309.5093,14.8306,3.5912,25.0330
1325.0000,309.6320,14.1753,3.0565,27.0041
1375.0000,309.7709,13.4338,5.4504,25.4017
1425.0000,309.7916,13.3233,4.8945,23.5177
1475.0000,309.7707,13.9446,9.0505,25.3757
1525.0000,310.5342,12.9245,9.6501,26.2205
1575.0000,310.5080,13.0640,10.3099,28.0509
1625.0000,311.8461,11.2396,9.6004,27.4519
1675.0000,311.6179,12.4486,12.7955,27.0555
1725.0000,312.1889,9.4270,12.3063,26.6124
1775.0000,312.6468,9.1991,14.2741,25.5120
1825.0000,312.6318,9.2780,18.8554,24.3103
1875.0000,313.0552,7.0482,12.9527,25.6026
1925.0000,312.5424,9.7494,16.9975,22.4539
1975.0000,312.9582,7.5584,15.3533,27.4529
2025.0000,313.1857,7.6250,15.6579,22.0393
2075.0000,313.5935,5.4833,16.4397,25.5470
2125.0000,313.4784,6.0877,17.6368,25.0569
2175.0000,313.2220,7.4343,18.6954,20.5666
2225.0000,314.0127,3.2878,18.3566,23.2549
2275.0000,313.3644,6.6861,17.5409,23.2276
2325.0000,313.6429,5.3336,19.4519,21.4677
2375.0000,313.8570,4.2121,18.0611,20.4046
2425.0000,315.3200,4.0144,17.1803,20.4813
2475.0000,314.7300,7.0950,18.9906,21.3853
2525.0000,315.2140,4.5669,19.1394,23.2350
2575.0000,314.7994,6.7320,21.2624,21.4980
2625.0000,315.2834,4.2052,21.0965,18.1922
2675.0000,315.2620,4.3169,19.7118,20.8157
2725.0000,315.2040,4.6191,18.0486,22.1313
2775.0000,315.2116,4.5797,17.6900,20.0665
2825.0000,315.2064,4.6069,20.1828,20.7986
2875.0000,315.4051,3.5712,21.7885,19.2188
2925.0000,315.4839,3.1607,21.5789,16.4689
2975.0000,315.6073,2.5187,23.4485,20.3795
3025.0000,315.5168,2.9895,21.3220,19.4167
3076.2700,315.8005,3.0136,21.5207,18.8703
3130.0600,315.9131,2.4283,22.0559,21.8310
3186.3900,315.9364,2.3074,25.0387,22.0459
3245.2500,315.9330,2.3249,22.2937,18.5229
3306.6500,316.0214,1.8657,23.4355,22.6817
3370.5700,316.0867,1.5269,24.2799,19.5369
3437.0300,316.4112,2.9418,21.5643,21.7424
3506.0100,316.5056,2.4516,23.5948,20.9696
3577.5300,316.2707,3.6712,19.0898,18.0538
3651.5800,316.4970,2.4967,23.9059,21.2425
3728.1600,316.5158,2.3989,22.3838,18.8669
3807.2800,319.0018,2.9608,22.8912,24.5179
3888.9200,319.0919,2.4969,17.3457,25.4349
3973.1000,319.2567,1.6497,17.8969,25.5541
4059.8100,319.0625,2.6481,19.4371,27.2172
4149.0500,319.9054,2.3220,20.9505,27.6139
4240.8200,319.9536,2.0746,18.9131,24.0060
4335.1300,320.0048,1.8121,20.1204,24.6949
4431.9600,320.0283,1.6916,21.3048,26.6847
4531.3300,320.3878,1.3598,18.7848,28.5625
4633.2300,320.4152,1.2192,19.4647,25.9046
4737.6600,320.2225,2.2067,19.0741,28.1003
4844.6200,320.3008,1.8053,18.4247,28.2945
4954.1100,320.3598,1.5031,17.7957,26.0067
5066.1400,320.3115,1.7506,17.8969,27.0827
5180.7000,320.3644,1.4793,16.4349,28.9179
5297.7800,320.3713,1.4441,20.2377,29.0217
5417.4100,320.3498,1.5542,18.9009,27.3771
5539.5600,320.7758,1.2307,18.2396,29.6912
5664.2400,321.2974,1.4646,20.6001,26.8629
5791.4600,321.3195,1.3515,17.5406,24.7484
5921.2000,321.5136,1.1147,17.4463,25.5150
6053.4800,321.6818,1.2655,15.7847,24.1506
6188.2900,324.0785,0.9195,17.7834,26.1163
6325.6300,324.1340,0.6388,20.6186,26.7968
6465.5100,324.1288,0.6654,18.4365,23.6626
6607.9100,326.7522,0.7240,20.5425,23.9407
6752.8500,326.8015,0.4765,24.5243,24.2042
6900.3200,328.2208,0.2874,22.9822,22.6393
7050.3200,328.2362,0.2106,21.0876,26.7919
7202.8500,328.2308,0.2375,25.8692,25.0826
7357.9100,328.2016,0.3835,22.4607,25.6446
7515.5100,328.2355,0.2143,23.0880,21.8000
7675.6300,328.2310,0.2367,20.3165,24.9321
7838.2900,328.2418,0.1829,23.0703,24.9447
8003.4800,328.2477,0.1530,25.2229,24.5703
8171.2000,328.8858,0.1713,30.9245,21.9078
8341.4600,328.9076,0.0627,28.1804,21.3574
8514.2400,328.8880,0.1606,29.1537,20.6892
8689.5600,330.6406,0.1823,29.7614,20.3181
8867.4100,331.4457,0.1424,28.2775,19.7438
9047.7900,333.1911,0.1212,31.6259,22.7101
9230.7000,335.5745,0.1328,31.4356,19.2199
9416.1400,336.2732,0.1187,33.7012,21.7954
9604.1100,336.5955,0.0245,36.8599,20.4720
9794.6200,338.5643,0.0909,31.9570,19.5932
9987.6600,341.1251,0.1162,36.0279,18.3229
10183.2300,342.2123,0.0835,37.4116,16.6473
10381.3300,345.0279,0.0601,35.6480,18.0162
10581.9600,347.1362,0.0636,33.4455,17.2861
10785.1300,347.1360,0.0644,31.9271,15.6696
10990.8200,347.1362,0.0635,34.4773,15.0682
11199.0500,347.1419,0.0367,35.8186,12.6290
11409.8100,348.2658,0.0700,32.2208,11.8105
11623.1000,348.6188,0.0384,32.2405,9.8752
11838.9200,348.6206,0.0300,30.4558,9.6692
12057.2800,349.2700,0.0200,33.5641,10.9210
12278.1600,350.6400,0.0200,33.5177,12.0359
12501.5800,352.2300,0.0200,35.7689,7.9798
12727.5300,356.7100,0.0400,31.1205,5.6673
12956.0100,359.7100,0.0700,26.6164,7.4037
13187.0300,361.2300,0.0500,28.5934,6.5747
13420.5700,362.7600,0.0400,20.8656,6.7972
13656.6500,364.3100,0.0300,17.6780,7.8077
13895.2500,367.3800,0.0200,14.6615,12.2705
14136.3900,371.6400,0.0200,16.3004,15.5139
14380.0600,375.7000,0.0200,16.0645,14.7922
14626.2700,379.7500,0.0100,19.3581,15.8300
14875.0000,383.8500,0.0100,15.3868,12.0971
15125.0000,387.5500,0.0100,18.2232,12.9836
15375.0000,391.1000,0.0100,15.0788,10.5184
15625.0000,394.6600,0.0000,14.8430,9.5561
15875.0000,398.2100,0.0000,12.1820,10.0780
16125.0000,402.9100,0.0000,11.0205,8.9010
16375.0000,407.7900,0.0000,10.3440,8.1447
16625.0000,412.6800,0.0000,10.9787,9.6734
16875.0000,417.5600,0.0000,11.2365,9.7783
17125.0000,422.5000,0.0000,10.0220,9.5615
17375.0000,427.5000,0.0000,10.9746,9.1035
17625.0000,432.5000,0.0000,10.6425,8.7022
17875.0000,437.5000,0.0000,11.0861,8.9722
18000.0000,437.5000,0.0000,12.1778,8.3771
