944.96, 304.98,  18.95
25.0000,304.9800,18.9500,-2.2300,9.0600
75.0000,305.1300,18.6700,-2.8700,11.4800
125.0000,305.2700,18.4300,-3.3700,13.4800
175.0000,305.3700,18.3100,-3.5500,14.4800
225.0000,305.4700,18.2100,-3.6900,15.4200
275.0000,305.5600,18.1200,-3.7500,16.2400
325.0000,305.6700,18.0400,-3.7600,17.0800
375.0000,305.7900,17.9500,-3.6700,17.9700
425.0000,305.9200,17.8600,-3.5100,18.8800
475.0000,306.0700,17.7500,-3.2300,19.8500
525.0000,306.2400,17.6300,-1.5234,21.7356
575.0000,306.4300,17.5000,-4.5411,23.6809
625.0000,306.6100,17.3900,-4.1556,22.3940
675.0000,306.7500,17.3200,1.0264,22.8588
725.0000,306.8600,17.2300,0.3185,23.7613
775.0000,306.9400,17.0800,1.0134,23.1141
825.0000,307.0200,16.9000,0.3811,21.7947
875.0000,307.0700,16.6600,-0.3610,23.0550
925.0000,307.1219,16.3800,3.3331,25.7701
975.0000,307.3457,15.1745,1.4598,23.4007
1025.0000,307.5607,14.0181,3.8212,25.7644
1075.0000,307.1016,16.4898,4.5474,26.2530
1125.0000,307.9018,14.3178,5.4417,24.9470
1175.0000,307.8919,14.3708,4.6504,27.2377
1225.0000,308.7714,14.1688,5.6937,26.7955
1275.0000,308.6958,14.5735,4.6206,26.3499
1325.0000,308.9117,13.4175,7.4115,26.7705
1375.0000,309.1085,12.9193,6.7397,24.3559
1425.0000,309.5300,14.8830,5.6113,28.3101
1475.0000,310.0885,11.9034,9.4153,28.2101
1525.0000,309.8407,13.2242,9.3717,28.9985
1575.0000,310.4206,12.5250,9.9221,26.8991
1625.0000,311.2731,10.6417,13.8676,24.8603
1675.0000,312.1773,9.6059,14.0092,24.2202
1725.0000,312.3582,8.6507,12.6661,26.1469
1775.0000,312.3163,8.8720,14.7118,24.0200
1825.0000,312.3683,8.5977,13.4834,26.3332
1875.0000,312.6372,7.1801,13.6813,25.6016
1925.0000,312.9863,5.3436,11.9391,23.7012
1975.0000,312.5150,8.9457,15.7147,25.2702
2025.0000,313.1173,5.7753,18.4419,26.0048
2075.0000,313.1882,6.1500,16.5257,24.5456
2125.0000,314.1945,6.1364,14.7575,23.7942
2175.0000,314.3795,5.1680,20.4542,26.0377
2225.0000,314.4449,4.8257,17.8890,23.6102
2275.0000,314.4138,4.9883,19.6704,22.3428
2325.0000,314.6842,3.5755,19.2934,21.0472
2375.0000,314.4362,4.8712,19.7447,22.8959
2425.0000,314.6064,3.9820,17.7763,19.7311
2475.0000,314.6018,4.0059,16.2485,20.5310
2525.0000,314.6816,3.5893,20.8119,21.6037
2575.0000,314.4761,4.6626,18.7608,23.4441
2625.0000,314.5822,4.1084,21.2802,18.9226
2675.0000,314.7085,3.4487,19.5293,22.9589
2725.0000,314.3707,5.2140,20.1912,20.0442
2775.0000,314.8186,4.3384,20.0139,20.6981
2825.0000,315.0504,3.1291,22.4180,19.2809
2875.0000,314.9953,3.4162,22.0404,17.1923
2925.0000,315.1247,2.7417,19.6799,20.6666
2975.0000,315.0620,3.0684,19.9861,22.1854
3025.0000,315.0969,3.1363,18.0677,19.1911
3076.2700,315.3152,3.0445,25.2307,19.5482
3130.0600,315.6817,2.2569,21.3720,21.2062
3186.3900,315.4027,3.7091,24.4222,20.3467
3245.2500,315.4834,3.2886,24.2275,18.3551
3306.6500,315.5088,3.1568,23.3240,20.1518
3370.5700,315.6123,2.6179,20.5502,21.8220
3437.0300,317.0453,2.2642,23.3819,21.8995
3506.0100,317.0849,2.0591,26.0461,19.1081
3577.5300,317.2414,1.2493,21.7067,20.1906
3651.5800,317.0293,2.3471,25.2151,21.9064
3728.1600,317.1604,1.6681,22.3780,23.2071
3807.2800,317.1328,1.8109,21.8325,25.9508
3888.9200,319.6731,2.0659,21.9990,24.8529
3973.1000,319.8794,1.0076,19.2991,28.0648
4059.8100,319.9203,0.7979,21.1903,25.1773
4149.0500,319.8176,1.3246,18.7717,25.7902
4240.8200,319.9211,0.7938,19.6416,26.5141
4335.1300,319.7057,1.8987,19.9686,25.4152
4431.9600,319.9675,1.1625,19.8885,27.3755
4531.3300,319.9596,1.2031,17.7125,27.9320
4633.2300,319.8801,1.6243,18.7287,27.7185
4737.6600,320.2192,1.7601,19.3330,29.4802
4844.6200,320.2696,1.5020,20.9829,27.0049
4954.1100,320.2324,1.6928,17.1310,25.5948
5066.1400,320.3411,1.2184,20.9615,26.1077
5180.7000,320.4283,1.6707,16.7964,27.5282
5297.7800,320.4093,1.7680,20.0477,30.3821
5417.4100,320.4947,1.3308,16.3551,26.5362
5539.5600,320.5530,1.0325,19.1916,28.2927
5664.2400,321.8445,1.7180,18.3234,25.9928
5791.4600,321.9594,1.1325,18.5933,27.0478
5921.2000,321.9188,1.3397,20.5695,25.1861
6053.4800,321.9831,1.0118,20.2708,27.4042
6188.2900,322.0382,0.7312,16.5697,22.2720
6325.6300,322.9480,0.7932,19.3159,24.9940
6465.5100,322.9753,0.6545,19.5506,25.5923
6607.9100,325.6736,0.9338,21.3570,26.1270
6752.8500,325.8084,0.2552,21.4190,26.3318
6900.3200,325.7972,0.3114,21.1910,25.6590
7050.3200,325.7795,0.4006,22.4752,20.5780
7202.8500,326.5733,0.3719,24.4409,26.7421
7357.9100,326.5564,0.4567,23.7660,23.4063
7515.5100,327.9479,0.1193,26.7438,21.9945
7675.6300,328.1216,0.2572,22.6986,20.1150
7838.2900,328.1637,0.0466,25.7809,22.6063
8003.4800,328.2142,0.1581,26.3696,21.9563
8171.2000,328.2167,0.1454,27.3531,20.8623
8341.4600,329.2068,0.1006,29.2809,19.4478
8514.2400,331.4028,0.0825,28.8229,24.2098
8689.5600,331.4017,0.0881,31.4950,20.1737
8867.4100,333.0424,0.0394,31.8763,22.5448
9047.7900,333.9274,0.1246,32.0342,20.7106
9230.7000,333.9306,0.1087,34.6199,20.9431
9416.1400,337.8774,0.1042,33.0720,21.7818
9604.1100,339.2811,0.1005,33.4698,19.7243
9794.6200,339.2851,0.0811,34.9171,21.7663
9987.6600,339.2798,0.1065,36.8257,18.3739
10183.2300,339.8724,0.0618,37.0829,19.0526
10381.3300,343.2315,0.1101,38.2985,16.8260
10581.9600,343.2379,0.0797,34.4533,13.5500
10785.1300,344.7531,0.0650,32.3914,17.3158
10990.8200,346.3011,0.0612,31.9827,11.5254
11199.0500,347.4438,0.0314,33.7203,12.0861
11409.8100,348.7012,0.0174,33.9728,11.0979
11623.1000,349.0689,0.0452,31.6691,11.7598
11838.9200,349.0721,0.0300,33.5547,11.4843
12057.2800,349.2700,0.0200,33.0815,10.4517
12278.1600,350.6400,0.0200,33.7406,10.1455
12501.5800,352.2300,0.0200,32.0330,8.7551
12727.5300,356.7100,0.0400,33.0390,9.6841
12956.0100,359.7100,0.0700,30.1337,4.0652
13187.0300,361.2300,0.0500,24.5576,6.0693
13420.5700,362.7600,0.0400,23.3798,5.8882
13656.6500,364.3100,0.0300,18.0610,5.2805
13895.2500,367.3800,0.0200,15.1345,10.9640
14136.3900,371.6400,0.0200,16.6102,14.7624
14380.0600,375.7000,0.0200,13.8185,15.9234
14626.2700,379.7500,0.0100,18.1688,12.3431
14875.0000,383.8500,0.0100,17.2123,14.3119
15125.0000,387.5500,0.0100,15.9812,12.6711
15375.0000,391.1000,0.0100,16.4513,10.6456
15625.0000,394.6600,0.0000,14.6864,9.2903
15875.0000,398.2100,0.0000,13.2028,9.9784
16125.0000,402.9100,0.0000,13.7171,10.4941
16375.0000,407.7900,0.0000,13.7320,11.4461
16625.0000,412.6800,0.0000,11.9164,9.5782
16875.0000,417.5600,0.0000,11.7088,9.5024
17125.0000,422.5000,0.0000,9.8074,7.8647
17375.0000,427.5000,0.0000,12.7350,9.0005
17625.0000,432.5000,0.0000,10.8140,5.6299
17875.0000,437.5000,0.0000,10.3447,10.1353
18000.0000,437.5000,0.0000,11.4689,9.8480
