944.96, 304.98,  18.95
25.0000,304.9800,18.9500,-2.2300,9.0600
75.0000,305.1300,18.6700,-2.8700,11.4800
125.0000,305.2700,18.4300,-3.3700,13.4800
175.0000,305.3700,18.3100,-3.5500,14.4800
225.0000,305.4700,18.2100,-3.6900,15.4200
275.0000,305.5600,18.1200,-3.7500,16.2400
325.0000,305.6700,18.0400,-3.7600,17.0800
375.0000,305.7900,17.9500,-3.6700,17.9700
425.0000,305.9200,17.8600,-3.5100,18.8800
475.0000,306.0700,17.7500,-3.2300,19.8500
525.0000,306.2400,17.6300,-2.7168,21.0318
575.0000,306.4300,17.5000,-3.6250,20.2755
625.0000,306.6100,17.3900,-3.3199,22.3862
675.0000,306.7500,17.3200,-3.8141,22.5937
725.0000,306.8600,17.2300,-1.5688,23.4428
775.0000,306.9400,17.0800,-1.0266,23.9203
825.0000,307.0200,16.9000,2.8356,28.7556
875.0000,307.0700,16.6600,1.7793,23.0902
925.0000,307.1219,16.3800,5.1372,24.8387
975.0000,307.4448,14.6412,2.8914,24.7537
1025.0000,308.0833,13.3528,2.2613,25.6220
1075.0000,308.2311,16.2712,4.8376,27.7268
1125.0000,308.2308,16.2729,3.7100,26.5472
1175.0000,308.8461,13.8851,7.0386,24.5457
1225.0000,308.6049,15.1770,4.6749,24.8304
1275.0000,309.0793,14.1425,2.0266,28.0686
1325.0000,309.4162,14.3295,3.1821,25.9193
1375.0000,310.9472,13.6759,5.3701,26.4816
1425.0000,310.9983,13.4047,7.7928,28.2765
1475.0000,311.2513,12.9415,7.9274,23.9303
1525.0000,311.6742,10.6996,9.7712,30.0455
1575.0000,311.0713,13.8977,9.3041,25.2617
1625.0000,311.3601,12.3645,8.8850,26.1529
1675.0000,312.8431,10.7265,11.2490,30.0007
1725.0000,312.7969,10.9706,14.7231,24.3735
1775.0000,313.7902,9.2068,13.9733,23.2648
1825.0000,313.9014,8.6227,15.1735,26.3369
1875.0000,314.6191,8.3074,14.0479,21.9885
1925.0000,314.9002,6.8365,14.1985,25.5203
1975.0000,314.8874,6.9034,16.8769,26.6980
2025.0000,315.1877,5.3352,15.7755,22.5850
2075.0000,314.8766,6.9602,15.9386,26.6876
2125.0000,314.7876,7.4253,19.2003,22.8903
2175.0000,314.8945,6.8661,19.1888,25.3435
2225.0000,315.0833,5.8801,17.6892,22.9961
2275.0000,314.9554,6.5480,20.5456,21.0486
2325.0000,315.1213,5.6814,20.3079,20.8323
2375.0000,316.0798,6.0510,19.9827,22.9195
2425.0000,316.5510,3.6014,21.5974,20.2827
2475.0000,316.3135,4.8351,17.1751,21.7118
2525.0000,316.0142,6.3922,20.8627,22.7792
2575.0000,316.3124,4.8408,22.8196,21.7071
2625.0000,316.5416,3.6501,20.8050,21.0260
2675.0000,316.2952,4.9304,17.6291,24.2299
2725.0000,316.3850,4.4637,21.8748,20.7947
2775.0000,316.3678,4.5528,23.2932,21.1866
2825.0000,316.4544,4.1032,21.7931,18.7548
2875.0000,316.3763,4.5090,20.0640,20.5365
2925.0000,316.2769,5.0255,20.3855,20.5337
2975.0000,316.4702,4.0209,21.4278,20.6899
3025.0000,316.5637,3.5355,21.4994,21.1618
3076.2700,316.8884,1.8522,21.8557,21.2509
3130.0600,316.8968,1.8087,22.7535,19.9273
3186.3900,316.7996,2.3122,22.8168,17.5275
3245.2500,316.7776,2.4261,25.1141,23.0464
3306.6500,316.8743,1.9252,25.1187,18.5031
3370.5700,316.9836,1.3593,23.4726,21.2944
3437.0300,316.8651,1.9730,18.8371,19.9634
3506.0100,316.7485,2.5773,22.6449,19.6484
3577.5300,318.6797,1.3937,23.2784,21.8496
3651.5800,318.4514,2.5701,22.5920,21.3005
3728.1600,318.4923,2.3592,21.8132,24.4861
3807.2800,319.6636,2.0144,20.2023,24.1930
3888.9200,319.6449,2.1102,19.8681,27.4179
3973.1000,319.6637,2.0140,20.2705,25.5987
4059.8100,319.9490,2.9937,18.8939,26.3757
4149.0500,320.1045,2.1962,17.6646,26.6230
4240.8200,320.2525,1.4372,20.8409,26.6683
4335.1300,320.2558,1.4207,21.2151,26.8103
4431.9600,320.0659,2.3939,18.6316,29.3248
4531.3300,320.2375,1.5144,19.8472,26.5734
4633.2300,320.1220,2.1061,17.3933,24.0588
4737.6600,320.1395,2.0164,19.9084,28.5288
4844.6200,320.1002,2.2181,18.4386,23.4830
4954.1100,320.9067,1.1162,18.5380,28.5992
5066.1400,320.8368,1.4739,18.4110,25.5292
5180.7000,321.1474,1.1546,18.8278,26.7912
5297.7800,322.4293,1.7595,19.0237,25.1920
5417.4100,322.4971,1.4141,19.4177,27.1312
5539.5600,322.4781,1.5109,16.3929,27.0677
5664.2400,322.5675,1.0561,17.6907,26.0834
5791.4600,322.5224,1.2855,19.1758,24.0535
5921.2000,322.5835,0.9749,19.6026,25.3204
6053.4800,322.5128,1.3346,19.8044,23.2627
6188.2900,322.5909,0.9374,17.2705,22.6170
6325.6300,324.7548,0.6317,18.5479,25.3084
6465.5100,324.7440,0.6866,21.1009,26.1845
6607.9100,327.9929,0.8205,20.0484,24.8121
6752.8500,328.0116,0.7269,16.9397,21.6378
6900.3200,328.0917,0.3262,21.3935,24.3188
7050.3200,328.0914,0.3279,22.3372,29.0085
7202.8500,328.0726,0.4219,20.7107,21.9554
7357.9100,328.0725,0.4221,24.6488,25.2970
7515.5100,328.5271,0.4221,22.4333,23.3536
7675.6300,328.5594,0.2607,26.3337,24.2720
7838.2900,328.5681,0.2176,25.5298,23.1236
8003.4800,329.2007,0.2275,27.9629,20.8452
8171.2000,329.2314,0.0748,29.5382,24.3364
8341.4600,332.7641,0.1932,29.5749,22.2838
8514.2400,332.7926,0.0528,30.6857,21.9039
8689.5600,334.0825,0.1064,29.8749,20.2623
8867.4100,334.0905,0.0672,30.0940,21.5790
9047.7900,336.4045,0.0046,34.9848,19.4927
9230.7000,336.3977,0.0374,31.3802,23.6068
9416.1400,337.8387,0.1041,34.1343,19.3084
9604.1100,337.8444,0.0763,35.0526,22.1289
9794.6200,338.7310,0.0555,33.4021,17.8458
9987.6600,342.7790,0.0999,34.0749,19.3897
10183.2300,342.7913,0.0407,33.4928,20.4757
10381.3300,344.9629,0.0660,37.0230,16.9956
10581.9600,344.9579,0.0895,33.3266,19.0573
10785.1300,347.3977,0.0571,32.3413,17.7648
10990.8200,347.4018,0.0378,34.2577,12.8939
11199.0500,347.3925,0.0818,33.1228,15.5338
11409.8100,348.9130,0.0333,33.0500,15.2691
11623.1000,348.9086,0.0541,33.2103,11.1986
11838.9200,348.9137,0.0300,33.7686,11.5253
12057.2800,349.2700,0.0200,31.6768,12.8690
12278.1600,350.6400,0.0200,32.6426,6.1184
12501.5800,352.2300,0.0200,36.3602,12.9233
12727.5300,356.7100,0.0400,32.0536,4.4536
12956.0100,359.7100,0.0700,29.4739,4.4458
13187.0300,361.2300,0.0500,24.1797,7.2922
13420.5700,362.7600,0.0400,21.7613,4.2040
13656.6500,364.3100,0.0300,17.9215,6.8031
13895.2500,367.3800,0.0200,14.1758,12.4853
14136.3900,371.6400,0.0200,15.9109,16.4448
14380.0600,375.7000,0.0200,14.2606,15.8204
14626.2700,379.7500,0.0100,14.3201,11.7827
14875.0000,383.8500,0.0100,17.3031,14.3090
15125.0000,387.5500,0.0100,16.5429,9.2761
15375.0000,391.1000,0.0100,14.5318,11.7517
15625.0000,394.6600,0.0000,13.2898,11.0772
15875.0000,398.2100,0.0000,12.6516,8.7744
16125.0000,402.9100,0.0000,10.7733,8.6773
16375.0000,407.7900,0.0000,11.0817,8.1219
16625.0000,412.6800,0.0000,14.1155,6.9914
16875.0000,417.5600,0.0000,10.9186,8.1377
17125.0000,422.5000,0.0000,11.2753,10.2106
17375.0000,427.5000,0.0000,9.2109,8.6861
17625.0000,432.5000,0.0000,11.4181,11.0421
17875.0000,437.5000,0.0000,11.9526,9.9433
18000.0000,437.5000,0.0000,11.3045,8.3225
