944.96, 304.98,  18.95
25.0000,304.9800,19.1079,-2.2300,9.0600
75.0000,305.1300,18.8234,-2.8700,11.4800
125.0000,305.2700,18.5779,-3.3700,13.4800
175.0000,305.3700,18.4485,-3.5500,14.4800
225.0000,305.4700,18.3390,-3.6900,15.4200
275.0000,305.5600,18.2391,-3.7500,16.2400
325.0000,305.6700,18.1499,-3.7600,17.0800
375.0000,305.7900,18.0517,-3.6700,17.9700
425.0000,305.9200,17.9539,-3.5100,18.8800
475.0000,306.0700,17.8376,-3.2300,19.8500
525.0000,306.2400,17.7123,-0.3158,17.4946
575.0000,306.4300,17.5781,-3.8266,21.3462
625.0000,306.6100,17.4631,-2.0869,21.6079
675.0000,306.7500,17.3861,-1.9251,21.2866
725.0000,306.8600,17.2888,-0.1673,25.1737
775.0000,306.9400,17.1322,0.1365,24.0679
825.0000,307.0200,16.9465,-0.6370,24.1924
875.0000,307.0700,16.7017,0.5890,24.4686
925.0000,307.1219,16.4182,0.7180,23.7638
975.0000,307.0450,16.8093,2.2513,24.6162
1025.0000,307.8655,16.8088,3.0005,24.5424
1075.0000,308.3188,14.4262,1.4613,23.2378
1125.0000,308.0581,15.7808,1.6663,25.2192
1175.0000,308.1366,15.3600,5.1910,25.7119
1225.0000,308.0674,15.7114,2.8151,26.8417
1275.0000,307.9123,15.6304,4.9080,25.9585
1325.0000,308.3760,14.0789,6.8149,27.6823
1375.0000,309.5854,16.4523,8.0525,27.2661
1425.0000,310.1426,14.0451,4.5425,25.8540
1475.0000,309.8571,15.5209,9.2237,26.4618
1525.0000,310.7319,13.1290,9.0330,30.0097
1575.0000,311.0058,12.7365,9.7448,26.8070
1625.0000,311.2936,11.2250,11.1024,27.1648
1675.0000,311.9616,13.0391,12.8201,28.6400
1725.0000,312.2808,11.3697,11.0901,24.8835
1775.0000,312.5439,9.9885,13.9489,28.1240
1825.0000,312.7629,8.8354,13.8738,25.5125
1875.0000,312.9064,8.0772,15.0017,23.9492
1925.0000,313.6442,9.8278,14.5572,24.5116
1975.0000,313.7499,9.2706,15.3503,26.5404
2025.0000,313.9595,8.1700,14.9430,27.0857
2075.0000,314.1659,7.0848,14.5386,23.6749
2125.0000,314.3649,6.0372,15.8147,24.0113
2175.0000,313.9492,8.2090,18.2527,23.0742
2225.0000,314.6196,4.6918,17.5320,22.1767
2275.0000,313.9963,7.9537,17.8494,23.1696
2325.0000,314.3471,6.1164,16.4295,20.1904
2375.0000,314.1375,7.2084,20.6530,21.7059
2425.0000,314.7518,3.9866,18.5924,21.2903
2475.0000,314.8878,3.2687,19.5982,21.6851
2525.0000,314.6451,4.5423,19.7821,20.5290
2575.0000,314.7797,3.8336,20.1078,18.8776
2625.0000,314.6802,4.3539,18.6164,19.9709
2675.0000,314.6933,4.2828,18.9450,20.2804
2725.0000,314.6164,4.6836,20.3105,21.3220
2775.0000,314.9961,4.9925,22.8571,20.8865
2825.0000,315.0897,4.5013,20.3650,22.0019
2875.0000,315.1378,4.2476,22.8327,19.5734
2925.0000,314.9856,5.0401,21.5843,19.1410
2975.0000,315.2740,3.5317,22.7219,17.5535
3025.0000,315.3814,2.9682,21.8522,21.0559
3076.2700,315.4734,2.4848,21.6636,21.8309
3130.0600,315.4453,2.6311,23.2505,19.9246
3186.3900,317.7879,1.6490,24.0643,18.5148
3245.2500,317.8294,1.4315,22.7128,19.9760
3306.6500,317.7050,2.0794,24.6961,20.1924
3370.5700,317.6652,2.2854,22.7724,19.9184
3437.0300,317.6899,2.1556,21.7230,22.3109
3506.0100,317.6218,2.5085,22.5184,21.4592
3577.5300,317.6587,2.3153,22.1661,23.6946
3651.5800,317.6478,2.3707,20.8614,20.6788
3728.1600,317.5616,2.8165,24.9166,22.4275
3807.2800,317.5283,2.9876,19.0402,25.2469
3888.9200,318.2779,3.0851,18.3861,26.1397
3973.1000,318.4211,2.3436,20.5782,27.2461
4059.8100,320.9135,1.9180,19.1000,24.1908
4149.0500,320.9322,1.8210,20.5865,24.3230
4240.8200,320.8924,2.0244,21.8940,28.1097
4335.1300,320.9576,1.6881,17.9843,23.1644
4431.9600,320.8687,2.1436,21.5291,26.3513
4531.3300,320.9751,1.5964,21.7360,27.6199
4633.2300,320.9655,1.6445,17.8920,26.9357
4737.6600,320.9546,1.6997,19.8499,27.5020
4844.6200,320.8891,2.0343,18.4669,26.9296
4954.1100,320.9515,1.7139,16.6383,26.9962
5066.1400,320.8866,2.0449,15.8627,26.1420
5180.7000,320.8717,2.1203,16.9743,25.2814
5297.7800,320.9086,1.9307,16.9121,28.5790
5417.4100,320.9663,1.6350,19.2070,26.6812
5539.5600,320.9971,1.4768,20.1051,23.5186
5664.2400,321.0327,1.2945,18.7813,25.5157
5791.4600,320.9863,1.5310,20.1032,22.8743
5921.2000,321.0441,1.2352,15.9843,25.6021
6053.4800,321.0818,1.0422,21.5752,23.5269
6188.2900,321.4702,1.1315,22.2158,24.0528
6325.6300,322.8531,0.8163,16.3359,23.3094
6465.5100,322.8869,0.6443,19.7855,25.9806
6607.9100,323.0567,0.7960,23.0304,25.9369
6752.8500,323.6844,0.6697,21.9037,28.1682
6900.3200,326.0515,0.5757,18.3409,25.1616
7050.3200,326.0787,0.4385,24.5519,25.4735
7202.8500,327.5988,0.3854,22.6192,26.8425
7357.9100,327.5926,0.4165,25.2633,24.7250
7515.5100,327.6058,0.3501,26.4032,21.0802
7675.6300,327.6055,0.3514,22.9853,24.7483
7838.2900,328.6336,0.2671,25.3957,22.7586
8003.4800,328.7989,0.3970,27.9349,22.8414
8171.2000,328.8298,0.2429,29.7888,21.3183
8341.4600,331.6928,0.0990,29.0761,23.0802
8514.2400,331.6764,0.1802,31.3152,22.7463
8689.5600,331.6609,0.2567,30.0583,21.1194
8867.4100,332.0441,0.1353,30.0214,22.3348
9047.7900,333.1003,0.2275,32.6548,22.3701
9230.7000,333.1367,0.0481,31.0719,20.5126
9416.1400,335.9804,0.0873,32.6518,19.8269
9604.1100,336.7452,0.1181,33.9203,23.9297
9794.6200,339.5382,0.0501,36.0222,17.3719
9987.6600,339.5321,0.0794,35.4519,18.6061
10183.2300,341.2607,0.0701,34.0399,17.3909
10381.3300,343.7124,0.0719,33.6882,16.3849
10581.9600,343.7096,0.0857,34.1874,13.8118
10785.1300,345.7528,0.0709,34.4365,14.9230
10990.8200,345.8204,0.0632,33.2613,14.2957
11199.0500,346.6657,0.0513,33.6452,16.0729
11409.8100,347.0458,0.0450,35.2284,13.8551
11623.1000,347.2523,0.0228,31.8894,11.3340
11838.9200,348.5900,0.0300,29.7258,12.0141
12057.2800,349.2700,0.0200,32.2452,9.9154
12278.1600,350.6400,0.0200,31.7974,11.1073
12501.5800,352.2300,0.0200,35.8636,7.0399
12727.5300,356.7100,0.0400,32.2880,7.3753
12956.0100,359.7100,0.0700,30.2299,4.8372
13187.0300,361.2300,0.0500,25.3946,7.3059
13420.5700,362.7600,0.0400,22.6563,6.8872
13656.6500,364.3100,0.0300,17.0843,7.6798
13895.2500,367.3800,0.0200,15.7936,10.5568
14136.3900,371.6400,0.0200,14.1296,14.1987
14380.0600,375.7000,0.0200,15.3211,16.0231
14626.2700,379.7500,0.0100,13.7548,11.5520
14875.0000,383.8500,0.0100,15.1625,9.8913
15125.0000,387.5500,0.0100,17.7466,8.1218
15375.0000,391.1000,0.0100,15.0567,11.1715
15625.0000,394.6600,0.0100,15.0427,8.7667
15875.0000,398.2100,0.0100,14.6471,9.5329
16125.0000,402.9100,0.0100,12.8284,7.7018
16375.0000,407.7900,0.0100,10.9194,10.5707
16625.0000,412.6800,0.0100,10.0127,7.6112
16875.0000,417.5600,0.0100,12.7611,8.6417
17125.0000,422.5000,0.0100,9.7117,8.6096
17375.0000,427.5000,0.0100,14.0164,9.1176
17625.0000,432.5000,0.0100,11.7268,8.5158
17875.0000,437.5000,0.0100,9.4912,5.4500
18000.0000,437.5000,0.0100,10.4742,6.7439
