944.96, 304.98,  18.95
25.0000,304.9800,18.9500,-2.2300,9.0600
75.0000,305.1300,18.6700,-2.8700,11.4800
125.0000,305.2700,18.4300,-3.3700,13.4800
175.0000,305.3700,18.3100,-3.5500,14.4800
225.0000,305.4700,18.2100,-3.6900,15.4200
275.0000,305.5600,18.1200,-3.7500,16.2400
325.0000,305.6700,18.0400,-3.7600,17.0800
375.0000,305.7900,17.9500,-3.6700,17.9700
425.0000,305.9200,17.8600,-3.5100,18.8800
475.0000,306.0700,17.7500,-3.2300,19.8500
525.0000,306.2400,17.6300,-1.4812,21.3410
575.0000,306.4300,17.5000,-4.1210,21.9374
625.0000,306.6100,17.3900,-0.9929,24.3283
675.0000,306.7500,17.3200,-2.0828,23.2702
725.0000,306.8600,17.2300,-2.1262,26.4019
775.0000,306.9400,17.0800,-0.3231,24.7914
825.0000,307.0200,16.9000,-0.6230,23.7897
875.0000,307.0700,16.6600,1.6004,26.0864
925.0000,307.1219,16.3800,1.2155,22.7189
975.0000,307.4470,15.9572,3.4642,24.4460
1025.0000,307.4533,15.9231,-0.0645,24.4637
1075.0000,307.7008,14.5916,2.3328,24.4958
1125.0000,308.3392,15.6842,2.2959,26.3637
1175.0000,308.9963,14.3434,0.7622,25.9774
1225.0000,309.0998,16.0216,5.2380,23.9900
1275.0000,309.5964,13.3662,4.8371,27.1795
1325.0000,309.2709,15.1055,3.3207,26.6770
1375.0000,309.5462,13.6340,5.7486,28.5786
1425.0000,309.4291,14.2594,6.9381,30.9030
1475.0000,309.8901,11.7998,7.5958,30.0050
1525.0000,309.9447,13.9710,10.6700,29.0157
1575.0000,311.5494,12.5444,8.8028,27.7450
1625.0000,311.6400,12.0644,12.1495,27.6611
1675.0000,311.7854,11.2939,12.5479,27.4486
1725.0000,311.8650,10.8729,13.0082,26.7108
1775.0000,312.0425,9.9341,16.1656,24.3587
1825.0000,312.3850,8.1256,14.6625,26.3358
1875.0000,313.8383,7.9594,13.8891,25.6647
1925.0000,313.5594,9.4249,16.7540,22.4701
1975.0000,314.4413,4.8004,16.8223,22.6626
2025.0000,313.9022,7.6239,17.9346,25.6028
2075.0000,314.3465,5.2964,18.3226,21.9662
2125.0000,314.3900,5.0687,19.7506,22.7837
2175.0000,314.1262,6.4499,21.2360,25.6758
2225.0000,314.3384,5.3388,18.0996,25.9828
2275.0000,314.5030,5.0695,18.7725,21.4656
2325.0000,314.4331,6.0208,19.2103,19.2988
2375.0000,314.5113,5.6118,19.1249,18.8544
2425.0000,314.7425,4.4035,18.4470,24.0853
2475.0000,314.5455,5.4330,21.3510,22.3591
2525.0000,314.7349,4.4433,20.4142,19.0452
2575.0000,314.5620,5.3466,20.3595,22.1540
2625.0000,314.6226,5.0300,20.1396,23.9220
2675.0000,314.7070,4.5889,20.0732,21.6367
2725.0000,314.5289,5.5199,22.0558,20.7938
2775.0000,314.8976,4.3023,18.5363,20.4453
2825.0000,315.0081,3.7257,21.3456,19.2994
2875.0000,315.1963,2.7445,21.8944,19.5716
2925.0000,315.0040,3.7469,21.8678,18.1036
2975.0000,314.9028,4.2750,22.5665,20.8930
3025.0000,315.4947,2.7547,23.1929,19.7832
3076.2700,315.2872,3.8352,19.7860,19.2462
3130.0600,315.4619,2.9254,19.8325,27.2017
3186.3900,315.6109,2.1503,23.0213,18.4773
3245.2500,316.7549,2.4991,21.3854,21.2991
3306.6500,316.5463,3.5812,21.3552,22.5754
3370.5700,316.6774,2.9010,22.4651,20.2890
3437.0300,316.8057,2.2357,25.3044,19.5906
3506.0100,317.1662,1.9929,23.1298,21.7560
3577.5300,317.0227,2.7357,22.5045,20.7655
3651.5800,317.0394,2.6494,22.8711,23.5477
3728.1600,317.2845,2.1867,21.7515,20.9814
3807.2800,317.2458,2.3869,21.7768,23.8746
3888.9200,318.0124,1.5796,21.8341,23.3758
3973.1000,318.3966,1.7619,18.5403,24.5486
4059.8100,320.8207,2.3621,18.7951,26.2206
4149.0500,320.9253,1.8270,21.6981,27.3639
4240.8200,320.8576,2.1734,21.2621,25.3536
4335.1300,321.0076,1.4060,21.4124,26.2364
4431.9600,321.1163,0.8506,16.2311,27.8976
4531.3300,320.9747,1.5743,20.6956,25.7996
4633.2300,320.9421,1.7408,18.4102,27.5278
4737.6600,321.0595,1.1410,19.7248,26.3137
4844.6200,320.8912,2.0015,19.0454,27.2607
4954.1100,320.9734,1.5808,17.9733,24.8900
5066.1400,320.9468,1.7168,20.5396,25.1090
5180.7000,320.7928,2.5048,17.0508,26.7794
5297.7800,320.9036,1.9381,17.9881,25.5386
5417.4100,321.0285,1.2992,17.0094,26.5992
5539.5600,320.9886,1.5033,18.7533,26.1474
5664.2400,321.0461,1.2093,16.6737,24.4623
5791.4600,321.9323,1.3469,22.6186,24.8656
5921.2000,321.9539,1.2370,18.0557,25.1886
6053.4800,322.0293,0.8529,16.8593,23.9910
6188.2900,322.1665,0.9206,21.5440,26.1899
6325.6300,322.1848,0.8276,17.9084,27.9421
6465.5100,323.7442,0.6539,17.8765,26.6368
6607.9100,323.7292,0.7298,22.0363,25.8347
6752.8500,326.6540,0.4034,20.9677,25.8680
6900.3200,326.6473,0.4368,21.6209,22.4284
7050.3200,326.6819,0.2633,21.4710,23.0754
7202.8500,326.6595,0.3757,21.7421,24.5024
7357.9100,326.6935,0.2048,25.6351,23.8564
7515.5100,326.6864,0.2406,27.0831,22.6356
7675.6300,326.6870,0.2376,23.2368,25.1715
7838.2900,328.8256,0.1568,24.2808,24.8980
8003.4800,328.8194,0.1878,27.6506,22.1790
8171.2000,329.8051,0.0751,25.8242,23.7969
8341.4600,330.6741,0.1389,29.6609,20.0535
8514.2400,330.6830,0.0950,31.9997,19.2350
8689.5600,331.8858,0.1650,31.5113,20.9008
8867.4100,331.8952,0.1186,32.0249,22.2341
9047.7900,333.3392,0.1274,31.8489,18.9683
9230.7000,334.0426,0.0314,33.0071,19.9144
9416.1400,337.1028,0.1100,30.8598,22.8457
9604.1100,337.1407,0.1220,34.4678,21.5980
9794.6200,338.8262,0.1002,35.1613,16.2056
9987.6600,340.1798,0.0993,34.6843,18.5431
10183.2300,342.3169,0.0841,33.5409,16.3806
10381.3300,342.3233,0.0535,36.2954,14.5810
10581.9600,344.1877,0.0646,32.5574,16.4938
10785.1300,347.1801,0.0604,30.8197,15.6902
10990.8200,348.4064,0.0229,32.7692,13.4799
11199.0500,348.4073,0.0188,34.3997,14.7947
11409.8100,348.4025,0.0414,35.0910,11.2892
11623.1000,348.4038,0.0354,36.1577,13.3843
11838.9200,348.5900,0.0300,31.4168,8.7657
12057.2800,349.2700,0.0200,33.5930,11.1155
12278.1600,350.6400,0.0200,35.0897,8.5431
12501.5800,352.2300,0.0200,35.2619,9.1991
12727.5300,356.7100,0.0400,32.9803,7.5041
12956.0100,359.7100,0.0700,29.8807,3.9276
13187.0300,361.2300,0.0500,24.4090,7.4014
13420.5700,362.7600,0.0400,24.6220,8.0546
13656.6500,364.3100,0.0300,16.7907,8.8341
13895.2500,367.3800,0.0200,14.9479,11.2616
14136.3900,371.6400,0.0200,14.7974,16.5027
14380.0600,375.7000,0.0200,16.2653,15.5275
14626.2700,379.7500,0.0100,15.3626,15.1955
14875.0000,383.8500,0.0100,15.9658,11.2876
15125.0000,387.5500,0.0100,16.2998,12.7691
15375.0000,391.1000,0.0100,13.9015,9.4552
15625.0000,394.6600,0.0000,13.2120,10.1856
15875.0000,398.2100,0.0000,12.3909,10.1091
16125.0000,402.9100,0.0000,12.0761,9.1991
16375.0000,407.7900,0.0000,11.9967,7.8946
16625.0000,412.6800,0.0000,14.2844,9.3103
16875.0000,417.5600,0.0000,10.6871,7.2066
17125.0000,422.5000,0.0000,12.4205,10.1532
17375.0000,427.5000,0.0000,12.6378,8.9815
17625.0000,432.5000,0.0000,8.9595,8.6638
17875.0000,437.5000,0.0000,11.2107,10.5724
18000.0000,437.5000,0.0000,10.5783,9.3507
