944.96, 304.98,  18.95
25.0000,304.9800,18.9500,-2.2300,9.0600
75.0000,305.1300,18.6700,-2.8700,11.4800
125.0000,305.2700,18.4300,-3.3700,13.4800
175.0000,305.3700,18.3100,-3.5500,14.4800
225.0000,305.4700,18.2100,-3.6900,15.4200
275.0000,305.5600,18.1200,-3.7500,16.2400
325.0000,305.6700,18.0400,-3.7600,17.0800
375.0000,305.7900,17.9500,-3.6700,17.9700
425.0000,305.9200,17.8600,-3.5100,18.8800
475.0000,306.0700,17.7500,-3.2300,19.8500
525.0000,306.2400,17.6300,-2.9357,23.1262
575.0000,306.4300,17.5000,-3.3103,21.0248
625.0000,306.6100,17.3900,-2.1986,22.7831
675.0000,306.7500,17.3200,-1.1802,23.2443
725.0000,306.8600,17.2300,0.0904,21.8639
775.0000,306.9400,17.0800,2.7098,27.1255
825.0000,307.0200,16.9000,-0.1382,23.1631
875.0000,307.0700,16.6600,1.7955,23.5671
925.0000,307.1219,16.3800,0.1245,26.2310
975.0000,307.3353,15.2304,1.2113,22.9560
1025.0000,308.1559,14.8797,3.2126,27.2372
1075.0000,308.4723,13.4968,0.7325,26.9842
1125.0000,308.3581,14.1086,-0.0106,27.1845
1175.0000,308.4536,16.5750,2.9724,27.1911
1225.0000,309.8545,13.8482,3.3116,23.8720
1275.0000,309.6520,14.9293,7.6957,29.2598
1325.0000,309.9446,13.3679,5.3340,29.4032
1375.0000,309.4127,16.2090,5.6621,28.6722
1425.0000,309.8352,13.9513,7.3563,25.8340
1475.0000,309.9926,13.1118,7.0084,28.7729
1525.0000,310.2082,11.9634,10.3908,27.6501
1575.0000,311.2374,10.4877,11.1004,27.7215
1625.0000,311.5167,9.0086,13.3199,25.5548
1675.0000,312.1296,10.0290,12.6705,27.1223
1725.0000,311.8079,11.7305,13.0723,24.7315
1775.0000,312.5966,9.2150,14.7084,25.7358
1825.0000,313.2351,7.0579,13.0032,25.7837
1875.0000,312.8841,8.9348,15.1096,27.8809
1925.0000,315.0235,6.5530,16.9538,27.7983
1975.0000,315.2295,5.4778,18.0283,24.1467
2025.0000,314.5805,8.8711,17.6400,21.6030
2075.0000,314.9783,6.7894,17.9927,23.1562
2125.0000,315.2076,5.5918,16.7111,24.0714
2175.0000,315.1169,6.0652,18.7309,26.3358
2225.0000,315.1564,5.8591,15.3917,21.7859
2275.0000,315.2843,5.1914,20.1868,21.5605
2325.0000,315.1254,6.0207,19.7110,19.9687
2375.0000,315.4837,4.1521,18.5329,20.9961
2425.0000,315.3097,5.0591,19.3083,19.9778
2475.0000,315.0974,6.1673,18.4686,21.6172
2525.0000,315.3288,4.9594,21.7794,20.2884
2575.0000,315.5001,4.0670,19.6861,18.7204
2625.0000,315.3042,5.0876,21.4513,20.7550
2675.0000,315.3174,5.0190,21.4723,18.6735
2725.0000,315.7322,2.8587,20.8841,21.4217
2775.0000,315.3629,4.7818,16.9819,19.3621
2825.0000,315.4718,6.0759,18.5988,21.7251
2875.0000,316.1049,2.7805,21.4990,22.0522
2925.0000,315.9781,3.4398,20.6078,19.1110
2975.0000,317.9132,2.8247,19.1180,16.2904
3025.0000,317.8424,3.1902,22.0165,18.1281
3076.2700,317.7882,3.4706,21.3726,18.6931
3130.0600,317.9394,2.6892,24.9465,19.4428
3186.3900,317.8724,3.0354,24.4830,18.7940
3245.2500,317.9854,2.4516,21.0904,21.0557
3306.6500,318.0074,2.3378,21.2625,20.0742
3370.5700,317.6466,4.2026,22.6883,20.1804
3437.0300,318.0428,2.1552,20.4118,23.0986
3506.0100,318.0774,1.9770,21.4375,20.7504
3577.5300,318.1947,1.3719,21.5155,19.6699
3651.5800,317.8860,2.9652,25.3066,21.3229
3728.1600,317.8360,3.5376,22.2767,21.8861
3807.2800,318.0063,2.6579,21.6191,26.7672
3888.9200,318.1034,2.1569,21.4524,24.5765
3973.1000,319.4781,1.8462,19.6745,24.8346
4059.8100,319.4565,1.9572,19.6703,24.6846
4149.0500,319.3328,2.5933,16.6306,26.4597
4240.8200,319.9157,1.3555,22.1490,25.0859
4335.1300,319.8235,1.8290,21.5043,24.4380
4431.9600,319.8796,1.5411,18.6281,26.9232
4531.3300,320.0070,0.8878,19.7745,28.1729
4633.2300,319.7218,2.3510,19.0021,26.6188
4737.6600,319.8899,1.4879,17.3341,25.4727
4844.6200,319.8726,1.5769,19.9867,26.1716
4954.1100,320.8994,0.9326,17.8843,26.4677
5066.1400,320.7952,1.4656,20.4175,26.1847
5180.7000,320.7667,1.6111,19.2317,26.4511
5297.7800,320.7789,1.5490,20.4901,27.1275
5417.4100,320.7635,1.6280,18.4860,24.9231
5539.5600,320.8546,1.1619,18.3331,25.2882
5664.2400,320.8643,1.1121,19.8008,25.3741
5791.4600,320.7826,1.5302,17.8199,22.7902
5921.2000,321.3042,1.1424,22.5343,24.9270
6053.4800,321.2643,1.3459,20.0891,26.2020
6188.2900,322.6497,0.9103,20.1393,23.7604
6325.6300,322.6706,0.8043,19.7517,26.0825
6465.5100,323.1438,0.7733,19.4419,24.6629
6607.9100,324.9067,0.6195,20.7251,23.2019
6752.8500,324.9666,0.3171,19.9464,25.0995
6900.3200,325.7604,0.3884,21.2511,25.7147
7050.3200,327.1019,0.5561,23.3758,24.6752
7202.8500,327.6477,0.4257,22.0298,24.4163
7357.9100,327.6514,0.4072,24.4405,21.2261
7515.5100,327.6674,0.3273,24.0621,23.8933
7675.6300,328.0305,0.2309,27.5194,22.1850
7838.2900,328.1749,0.2006,27.0205,26.9733
8003.4800,330.1436,0.1985,25.8932,22.5294
8171.2000,330.6565,0.1692,28.0031,19.6164
8341.4600,331.2200,0.0280,27.8033,21.9676
8514.2400,331.2082,0.0865,28.4016,22.3537
8689.5600,332.0226,0.1774,31.8409,20.6192
8867.4100,333.0110,0.1218,30.7305,24.1269
9047.7900,333.0167,0.0937,29.7320,21.7359
9230.7000,334.0960,0.0919,33.8785,23.2178
9416.1400,335.9470,0.1883,33.3102,19.3985
9604.1100,338.9674,0.0943,35.5807,20.2465
9794.6200,338.9676,0.0933,34.3242,18.0364
9987.6600,341.7223,0.0526,33.2276,21.2348
10183.2300,342.5437,0.0813,36.6555,14.8614
10381.3300,343.5085,0.0341,33.9769,17.4470
10581.9600,343.5000,0.0747,35.3446,15.5917
10785.1300,345.8965,0.0957,34.4772,14.4318
10990.8200,345.9095,0.0341,32.1922,14.7721
11199.0500,348.2094,0.0613,33.1171,11.4337
11409.8100,348.7267,0.0318,32.7477,13.1475
11623.1000,348.7262,0.0342,33.4729,13.2073
11838.9200,348.7271,0.0300,33.0145,14.9020
12057.2800,349.2700,0.0200,32.0349,9.9767
12278.1600,350.6400,0.0200,34.3581,11.3485
12501.5800,352.2300,0.0200,35.6638,9.8453
12727.5300,356.7100,0.0400,31.8412,5.6423
12956.0100,359.7100,0.0700,28.2030,5.4777
13187.0300,361.2300,0.0500,27.0165,5.7420
13420.5700,362.7600,0.0400,21.5819,8.6105
13656.6500,364.3100,0.0300,20.2263,10.3240
13895.2500,367.3800,0.0200,16.1011,7.9799
14136.3900,371.6400,0.0200,14.7758,18.1235
14380.0600,375.7000,0.0200,16.3830,14.8111
14626.2700,379.7500,0.0100,14.2784,14.5392
14875.0000,383.8500,0.0100,16.6911,10.7299
15125.0000,387.5500,0.0100,14.2562,9.4875
15375.0000,391.1000,0.0100,15.7965,13.0790
15625.0000,394.6600,0.0000,15.3523,12.2301
15875.0000,398.2100,0.0000,11.9389,8.7122
16125.0000,402.9100,0.0000,11.3782,10.0118
16375.0000,407.7900,0.0000,9.7245,7.2737
16625.0000,412.6800,0.0000,9.6587,11.0783
16875.0000,417.5600,0.0000,12.1150,7.6112
17125.0000,422.5000,0.0000,14.1532,7.0013
17375.0000,427.5000,0.0000,8.9870,10.1742
17625.0000,432.5000,0.0000,10.6809,10.1052
17875.0000,437.5000,0.0000,12.5181,10.6621
18000.0000,437.5000,0.0000,10.2599,11.4689
