944.96, 304.98,  18.95
25.0000,304.9800,18.9500,-2.2300,9.0600
75.0000,305.1300,18.6700,-2.8700,11.4800
125.0000,305.2700,18.4300,-3.3700,13.4800
175.0000,305.3700,18.3100,-3.5500,14.4800
225.0000,305.4700,18.2100,-3.6900,15.4200
275.0000,305.5600,18.1200,-3.7500,16.2400
325.0000,305.6700,18.0400,-3.7600,17.0800
375.0000,305.7900,17.9500,-3.6700,17.9700
425.0000,305.9200,17.8600,-3.5100,18.8800
475.0000,306.0700,17.7500,-3.2300,19.8500
525.0000,306.2400,17.6300,-1.5683,23.6681
575.0000,306.4300,17.5000,-2.8284,22.1534
625.0000,306.6100,17.3900,-1.2607,22.8366
675.0000,306.7500,17.3200,-0.9090,22.9218
725.0000,306.8600,17.2300,-0.5703,25.3954
775.0000,306.9400,17.0800,1.3084,22.3761
825.0000,307.0200,16.9000,0.3402,24.6261
875.0000,307.0700,16.6600,1.5714,23.9211
925.0000,307.1219,16.3800,-0.1887,23.3732
975.0000,308.4061,14.2173,1.6771,26.4104
1025.0000,308.6063,13.9751,3.3025,23.7768
1075.0000,308.4326,15.5167,2.8288,26.4576
1125.0000,308.3497,15.9620,4.6788,25.5513
1175.0000,308.4174,15.5982,6.0423,26.9382
1225.0000,310.2696,17.0193,4.3998,26.4303
1275.0000,310.5994,15.2602,2.9605,28.0805
1325.0000,310.6925,14.7646,5.9545,26.9218
1375.0000,311.1078,12.5564,5.2581,26.6332
1425.0000,310.8747,13.7952,8.0765,28.2072
1475.0000,310.9918,13.1726,10.4612,26.6990
1525.0000,311.2410,13.7655,11.2418,26.6939
1575.0000,311.3717,13.0715,9.9544,26.6719
1625.0000,311.7415,11.1114,9.8206,28.5392
1675.0000,313.4108,9.8698,12.7743,26.9380
1725.0000,313.7425,8.1262,13.0759,27.8821
1775.0000,313.6516,8.6039,17.2009,25.5270
1825.0000,313.4485,9.6715,12.6258,25.3234
1875.0000,313.7550,8.0608,13.9293,26.1699
1925.0000,313.7008,8.3452,16.8519,26.0350
1975.0000,314.1353,6.0662,14.7642,25.4996
2025.0000,315.6713,6.8248,17.0513,24.2782
2075.0000,316.0417,4.8955,18.0304,22.7091
2125.0000,315.4185,8.1438,17.3846,26.3360
2175.0000,315.7315,6.5108,19.9560,18.9935
2225.0000,315.7865,6.2243,18.0424,22.5232
2275.0000,316.1100,4.5402,17.9266,22.5387
2325.0000,315.8611,5.8356,18.3580,22.9705
2375.0000,316.1326,4.4226,20.0440,24.5878
2425.0000,315.7237,6.5515,19.9181,19.8420
2475.0000,315.9712,5.2621,19.9008,21.8413
2525.0000,315.9878,5.1760,19.9873,18.0044
2575.0000,316.4236,2.9106,21.4314,18.1846
2625.0000,316.3377,3.3567,19.9406,19.4904
2675.0000,316.2281,3.9262,20.7051,20.0562
2725.0000,316.5062,2.4821,22.4692,22.6155
2775.0000,316.2854,3.6284,22.4216,18.8847
2825.0000,316.1236,4.4692,21.1177,22.0095
2875.0000,316.3711,3.1835,23.0232,19.0512
2925.0000,316.5071,2.4778,19.2967,20.1264
2975.0000,316.4467,2.7911,23.3723,20.4832
3025.0000,316.4607,2.7183,22.0128,22.5461
3076.2700,316.3890,3.0906,21.7549,20.9385
3130.0600,316.6201,1.8919,22.4371,20.9211
3186.3900,316.3461,3.3131,24.8383,19.2371
3245.2500,316.5426,2.8635,24.9812,17.6631
3306.6500,316.4259,3.4691,21.6977,21.7312
3370.5700,317.6338,2.5739,21.1960,23.0586
3437.0300,317.8376,1.5207,23.8556,21.8800
3506.0100,317.6174,2.6585,21.4955,19.6042
3577.5300,317.4845,3.3457,20.7704,21.1147
3651.5800,317.5743,2.8814,20.2862,19.8883
3728.1600,317.8987,1.2054,22.3033,22.3685
3807.2800,319.1272,1.5539,21.9691,24.9778
3888.9200,321.1045,0.8967,18.9469,26.6094
3973.1000,320.8125,2.3895,21.3987,28.5428
4059.8100,320.8747,2.0713,19.2275,21.2415
4149.0500,320.8599,2.1470,16.2419,26.7100
4240.8200,320.9070,1.9063,17.7741,23.8939
4335.1300,321.0118,1.3703,20.7059,26.6234
4431.9600,321.0080,1.3897,18.4679,28.1414
4531.3300,320.9666,1.6013,17.5904,26.6695
4633.2300,321.0224,1.3162,17.8357,28.5311
4737.6600,320.9682,1.5934,18.5219,26.4830
4844.6200,321.0185,1.3362,19.3850,26.0737
4954.1100,321.5193,1.5159,19.8715,27.7328
5066.1400,321.4843,1.6948,15.5821,25.5361
5180.7000,321.4647,1.7946,18.1192,24.7815
5297.7800,321.4673,1.7812,18.0050,26.8520
5417.4100,321.5583,1.3169,18.8178,25.6107
5539.5600,321.5097,1.5652,18.8292,26.5612
5664.2400,321.5673,1.2711,17.4652,26.2581
5791.4600,321.5645,1.2855,19.9938,25.7465
5921.2000,321.9329,0.8194,17.1582,29.4274
6053.4800,323.2592,0.9603,20.9343,26.1071
6188.2900,323.3048,0.7287,19.0129,25.9955
6325.6300,323.4146,0.8058,19.3709,23.8704
6465.5100,323.4683,0.5333,21.4477,22.3955
6607.9100,325.7167,0.7826,21.5295,21.7893
6752.8500,325.7269,0.7315,20.1934,25.6456
6900.3200,325.9500,0.3694,19.5433,25.2163
7050.3200,326.5202,0.3389,21.7264,25.0875
7202.8500,326.5266,0.3067,25.9392,24.1612
7357.9100,326.5248,0.3160,22.8582,24.7756
7515.5100,326.5411,0.2340,24.4207,22.0260
7675.6300,326.6796,0.2320,24.2373,23.1082
7838.2900,329.3448,0.2063,21.9648,26.4339
8003.4800,329.3702,0.0799,25.4447,23.6051
8171.2000,331.0601,0.1037,28.5738,21.3063
8341.4600,331.0449,0.1786,28.8644,23.0838
8514.2400,331.0534,0.1368,31.5411,21.9206
8689.5600,333.1804,-0.0010,29.6832,22.0871
8867.4100,333.1596,0.1013,33.8601,22.7161
9047.7900,334.4312,0.0962,32.3410,22.2855
9230.7000,334.5655,0.0550,29.4138,22.5293
9416.1400,337.9147,0.0681,30.5974,23.2604
9604.1100,339.4794,0.1104,35.7011,19.5148
9794.6200,341.9482,0.0530,31.3536,19.1270
9987.6600,342.3663,0.0652,32.8575,17.9448
10183.2300,342.3650,0.0710,34.4701,16.2247
10381.3300,344.2862,0.1224,37.1751,15.7313
10581.9600,345.9682,0.0580,31.4315,16.9870
10785.1300,347.6166,0.0765,34.6352,14.7933
10990.8200,349.1651,0.1036,32.5073,13.5495
11199.0500,349.1727,0.0679,32.9784,10.8833
11409.8100,349.3779,0.0346,32.4378,12.3823
11623.1000,349.6127,0.0446,32.2811,12.8990
11838.9200,349.6158,0.0300,33.5878,10.3403
12057.2800,349.6180,0.0200,32.1319,10.0523
12278.1600,350.6400,0.0200,30.7478,9.4338
12501.5800,352.2300,0.0200,33.8912,9.5532
12727.5300,356.7100,0.0400,33.5205,8.2746
12956.0100,359.7100,0.0700,27.1220,5.1598
13187.0300,361.2300,0.0500,23.4028,4.7784
13420.5700,362.7600,0.0400,21.7508,6.7898
13656.6500,364.3100,0.0300,19.1818,7.2506
13895.2500,367.3800,0.0200,15.9373,10.7644
14136.3900,371.6400,0.0200,13.7139,15.0815
14380.0600,375.7000,0.0200,17.5727,15.9064
14626.2700,379.7500,0.0100,16.7308,12.1633
14875.0000,383.8500,0.0100,14.9302,14.5769
15125.0000,387.5500,0.0100,19.2708,13.2662
15375.0000,391.1000,0.0100,15.6264,12.0202
15625.0000,394.6600,0.0000,12.7490,11.9380
15875.0000,398.2100,0.0000,11.1233,7.7819
16125.0000,402.9100,0.0000,12.9707,10.0244
16375.0000,407.7900,0.0000,9.9065,10.0151
16625.0000,412.6800,0.0000,12.2344,9.1134
16875.0000,417.5600,0.0000,10.5408,7.7888
17125.0000,422.5000,0.0000,14.9758,8.4464
17375.0000,427.5000,0.0000,13.9282,9.5940
17625.0000,432.5000,0.0000,10.7192,7.4113
17875.0000,437.5000,0.0000,11.1275,10.9775
18000.0000,437.5000,0.0000,10.9940,9.6061
