944.96, 304.98,  18.95
25.0000,304.9800,19.1079,-2.2300,9.0600
75.0000,305.1300,18.8234,-2.8700,11.4800
125.0000,305.2700,18.5779,-3.3700,13.4800
175.0000,305.3700,18.4485,-3.5500,14.4800
225.0000,305.4700,18.3390,-3.6900,15.4200
275.0000,305.5600,18.2391,-3.7500,16.2400
325.0000,305.6700,18.1499,-3.7600,17.0800
375.0000,305.7900,18.0517,-3.6700,17.9700
425.0000,305.9200,17.9539,-3.5100,18.8800
475.0000,306.0700,17.8376,-3.2300,19.8500
525.0000,306.2400,17.7123,-2.0182,22.3232
575.0000,306.4300,17.5781,-3.5468,18.4021
625.0000,306.6100,17.4631,1.6859,22.9044
675.0000,306.7500,17.3861,0.0704,23.5176
725.0000,306.8600,17.2888,-0.3675,23.5336
775.0000,306.9400,17.1322,1.2107,24.4554
825.0000,307.0200,16.9465,1.5367,23.1189
875.0000,307.0700,16.7017,-1.4339,23.4105
925.0000,307.1219,16.4182,1.0413,25.8665
975.0000,307.4291,17.7275,4.5143,25.0661
1025.0000,307.8311,17.4638,2.9213,24.6377
1075.0000,308.0171,16.4825,3.1246,25.7900
1125.0000,308.9904,17.9996,3.9970,29.9781
1175.0000,309.4513,16.1138,3.1422,26.3412
1225.0000,309.5437,15.6218,5.1141,26.4005
1275.0000,309.5780,15.4323,5.3809,23.2694
1325.0000,309.6071,15.5436,7.2625,28.5763
1375.0000,309.5064,16.0567,4.9719,26.4955
1425.0000,309.4960,15.9525,4.0029,28.3835
1475.0000,310.4347,16.4646,12.0297,28.3403
1525.0000,311.9110,12.5477,9.3494,27.2581
1575.0000,312.0453,11.8385,9.6554,26.4881
1625.0000,311.8532,12.8312,10.8017,27.5234
1675.0000,312.3785,11.5762,15.0657,27.0729
1725.0000,312.4359,11.2694,14.4727,26.6613
1775.0000,313.4397,10.6317,14.6607,27.2531
1825.0000,313.6819,9.3607,13.8740,26.1147
1875.0000,313.8135,8.6661,16.1498,28.8809
1925.0000,313.8444,8.4989,13.3240,24.3888
1975.0000,313.8343,8.5461,17.1011,24.3953
2025.0000,314.0406,7.4616,16.9351,22.9379
2075.0000,314.2432,6.3948,16.3117,24.0362
2125.0000,314.1428,6.9176,17.4092,26.0699
2175.0000,314.2403,6.4022,16.4937,21.3454
2225.0000,314.3766,5.6838,17.9920,24.6641
2275.0000,314.2919,7.4622,15.4599,21.3776
2325.0000,314.1437,8.2305,18.5168,22.5774
2375.0000,314.5133,6.2977,18.6112,21.2848
2425.0000,314.8077,4.7521,17.1186,21.0509
2475.0000,315.0096,3.6890,18.6703,21.4740
2525.0000,314.6806,5.4130,21.7486,20.2029
2575.0000,314.8670,4.4334,22.3455,22.0957
2625.0000,314.8194,4.6810,19.2134,19.6898
2675.0000,314.9471,5.2466,18.7821,19.4290
2725.0000,315.1675,4.0912,20.6242,21.2520
2775.0000,314.7998,6.0097,19.2664,21.0147
2825.0000,314.9789,5.0727,20.0172,19.1952
2875.0000,316.3968,4.1239,18.1685,19.5506
2925.0000,316.2712,4.7761,22.4882,19.4855
2975.0000,316.7370,5.4074,21.8117,23.2131
3025.0000,316.8311,4.9164,24.0695,18.7045
3076.2700,317.1621,3.1924,21.0719,18.9914
3130.0600,317.0938,3.5463,22.6437,21.5574
3186.3900,317.3928,1.9863,20.9033,20.7177
3245.2500,317.1619,3.1886,21.3390,20.1807
3306.6500,317.0316,3.8641,22.9782,20.3401
3370.5700,317.0371,5.2257,22.5516,17.1943
3437.0300,317.4565,3.0498,22.2327,21.3632
3506.0100,317.4721,2.9673,24.9877,21.4684
3577.5300,317.3654,3.5190,23.2040,22.3322
3651.5800,317.4829,2.9081,20.2409,21.8756
3728.1600,318.7971,2.8111,19.2751,22.9458
3807.2800,318.7554,3.0248,22.6949,23.3220
3888.9200,318.7475,3.0639,21.7664,22.7138
3973.1000,319.2092,0.6744,21.8599,26.1079
4059.8100,318.8071,2.7530,22.5387,27.4290
4149.0500,319.1127,1.3943,21.0567,25.1860
4240.8200,318.8843,2.5725,20.8944,23.3625
4335.1300,319.0019,1.9648,21.7877,26.5814
4431.9600,320.7435,2.4299,18.0182,26.2061
4531.3300,320.7937,2.1715,20.8657,24.9180
4633.2300,322.1137,2.7015,22.5369,27.4528
4737.6600,322.2574,1.9667,17.6960,26.7974
4844.6200,322.2153,2.1806,19.9276,24.2888
4954.1100,322.1645,2.4383,18.6576,30.7874
5066.1400,322.2444,2.0302,18.8008,27.5618
5180.7000,322.3545,1.4677,17.4188,23.9302
5297.7800,322.3885,1.2935,18.1411,27.5014
5417.4100,322.3113,1.6864,17.8845,24.2669
5539.5600,322.3111,1.6866,18.9924,24.4090
5664.2400,322.3658,1.4074,17.6524,24.0985
5791.4600,322.3886,1.2907,18.3181,26.2847
5921.2000,323.7096,1.2017,18.7701,25.0614
6053.4800,323.7742,0.8737,19.8427,25.3349
6188.2900,323.7295,1.0999,17.0589,24.2130
6325.6300,323.7447,1.0225,20.7742,24.6627
6465.5100,323.7906,0.7896,21.1466,21.7496
6607.9100,323.8022,0.7307,21.8513,24.2950
6752.8500,327.2212,0.4755,21.3936,24.2267
6900.3200,327.2013,0.5753,21.6982,22.6413
7050.3200,327.1865,0.6493,20.5614,24.5514
7202.8500,327.2164,0.4993,23.4396,24.3932
7357.9100,328.1170,0.6543,25.9669,24.0797
7515.5100,328.1924,0.2770,23.8177,24.6476
7675.6300,328.1895,0.2912,28.4615,22.4720
7838.2900,328.6698,0.1984,26.7449,21.8110
8003.4800,328.6705,0.1947,30.0558,24.8660
8171.2000,329.5410,0.1357,26.5311,23.4040
8341.4600,330.2866,0.2268,29.5943,20.7215
8514.2400,333.3510,0.1648,29.0773,21.0313
8689.5600,334.3333,0.1585,31.0458,20.7330
8867.4100,334.3510,0.0712,35.5885,22.2714
9047.7900,334.3434,0.1086,30.6936,19.7129
9230.7000,335.6418,0.1501,33.6483,22.9770
9416.1400,335.7298,0.0714,37.0864,21.6933
9604.1100,340.1384,0.1519,33.8359,18.5660
9794.6200,340.1488,0.1020,32.1670,18.6693
9987.6600,340.7594,0.1182,36.1986,15.8377
10183.2300,340.7642,0.0954,35.4588,19.8360
10381.3300,343.4538,0.0862,33.9347,18.9283
10581.9600,345.9404,0.0894,34.1722,16.2555
10785.1300,345.9370,0.1053,34.3475,15.6613
10990.8200,347.4957,0.0479,34.0742,11.7317
11199.0500,347.6972,0.0649,31.2443,13.8248
11409.8100,348.0093,0.0441,35.1142,13.0146
11623.1000,348.0103,0.0393,35.1739,9.7801
11838.9200,348.5900,0.0300,33.6038,12.9645
12057.2800,349.2700,0.0200,33.5910,10.3100
12278.1600,350.6400,0.0200,35.3766,8.1541
12501.5800,352.2300,0.0200,34.2128,10.3735
12727.5300,356.7100,0.0400,31.1862,8.2035
12956.0100,359.7100,0.0700,24.8538,5.6619
13187.0300,361.2300,0.0500,23.7915,8.9754
13420.5700,362.7600,0.0400,23.1202,5.4125
13656.6500,364.3100,0.0300,17.4828,7.7763
13895.2500,367.3800,0.0200,16.2241,12.2328
14136.3900,371.6400,0.0200,16.0867,14.7458
14380.0600,375.7000,0.0200,15.2920,16.4309
14626.2700,379.7500,0.0100,16.8839,12.4580
14875.0000,383.8500,0.0100,18.8687,13.6312
15125.0000,387.5500,0.0100,15.7709,10.2736
15375.0000,391.1000,0.0100,15.3299,9.3448
15625.0000,394.6600,0.0100,14.8452,11.8514
15875.0000,398.2100,0.0100,10.2348,6.1005
16125.0000,402.9100,0.0100,12.0768,11.4475
16375.0000,407.7900,0.0100,12.1666,10.3872
16625.0000,412.6800,0.0100,12.4485,9.3362
16875.0000,417.5600,0.0100,10.1464,8.3457
17125.0000,422.5000,0.0100,8.1635,9.2931
17375.0000,427.5000,0.0100,11.7164,8.2868
17625.0000,432.5000,0.0100,13.5233,9.2342
17875.0000,437.5000,0.0100,11.6906,9.2221
18000.0000,437.5000,0.0100,10.2668,10.2229
