944.96, 304.98,  18.95
25.0000,304.9800,19.1079,-2.2300,9.0600
75.0000,305.1300,18.8234,-2.8700,11.4800
125.0000,305.2700,18.5779,-3.3700,13.4800
175.0000,305.3700,18.4485,-3.5500,14.4800
225.0000,305.4700,18.3390,-3.6900,15.4200
275.0000,305.5600,18.2391,-3.7500,16.2400
325.0000,305.6700,18.1499,-3.7600,17.0800
375.0000,305.7900,18.0517,-3.6700,17.9700
425.0000,305.9200,17.9539,-3.5100,18.8800
475.0000,306.0700,17.8376,-3.2300,19.8500
525.0000,306.2400,17.7123,-1.9187,22.0108
575.0000,306.4300,17.5781,-2.3884,22.7079
625.0000,306.6100,17.4631,0.0450,20.0215
675.0000,306.7500,17.3861,-0.1117,22.9790
725.0000,306.8600,17.2888,-2.9456,22.5608
775.0000,306.9400,17.1322,-1.7407,23.2736
825.0000,307.0200,16.9465,-1.2621,22.1032
875.0000,307.0700,16.7017,0.4556,23.0898
925.0000,307.1219,16.4182,1.5942,22.9027
975.0000,307.1754,16.1271,1.2788,23.3397
1025.0000,307.1159,16.8865,2.8341,24.4307
1075.0000,307.8513,13.8771,4.3789,25.0588
1125.0000,307.6379,16.5801,2.4713,27.9620
1175.0000,308.0267,14.8836,5.0689,26.0456
1225.0000,308.9277,15.8792,6.1829,27.0316
1275.0000,308.7629,16.4627,4.0376,26.1935
1325.0000,311.5058,14.5031,8.3602,29.0321
1375.0000,311.5716,14.1502,7.0338,27.3369
1425.0000,311.9566,12.1333,6.6466,27.3515
1475.0000,311.7128,13.3958,8.5715,25.3006
1525.0000,311.8509,12.6672,10.3852,27.0624
1575.0000,311.8055,12.8947,10.0364,25.6828
1625.0000,312.3335,10.1291,11.5662,27.7909
1675.0000,312.9024,12.9307,9.6141,25.3271
1725.0000,313.8936,7.7475,13.4680,27.5442
1775.0000,313.6537,8.9997,13.6980,26.8765
1825.0000,314.1295,6.4963,19.2823,27.0248
1875.0000,313.8388,8.0186,15.7655,24.2340
1925.0000,314.7749,5.4726,16.2831,26.6269
1975.0000,314.0780,9.1213,15.8929,25.3977
2025.0000,314.4227,7.3141,19.1717,25.4993
2075.0000,314.7519,5.5830,16.7141,23.3065
2125.0000,314.7250,5.7207,14.4951,25.9446
2175.0000,314.4241,7.2935,17.6233,22.9174
2225.0000,314.9154,4.7135,16.7802,26.1582
2275.0000,314.7566,5.5446,18.6399,22.6162
2325.0000,314.7755,5.4419,16.4769,22.1015
2375.0000,314.6449,6.1230,16.5070,21.4958
2425.0000,314.9086,4.7384,19.3176,23.0844
2475.0000,314.9885,4.3166,19.0133,21.4655
2525.0000,314.6401,6.1381,17.0196,19.1681
2575.0000,314.8679,4.9437,19.8796,21.1391
2625.0000,315.0764,3.8485,18.7109,21.4258
2675.0000,315.0011,4.2415,19.2243,20.7770
2725.0000,314.9099,5.5972,23.0004,18.1157
2775.0000,315.3240,3.4293,20.9611,22.5873
2825.0000,315.3172,5.0842,22.2307,20.7746
2875.0000,315.5256,3.9938,22.2182,22.0417
2925.0000,315.3883,4.7086,20.9804,22.1924
2975.0000,316.1259,3.9983,22.6043,19.1714
3025.0000,316.2336,3.4349,20.2093,17.9663
3076.2700,316.2904,3.1365,22.8080,18.9320
3130.0600,316.3520,2.8137,21.1421,20.2406
3186.3900,316.3380,2.8850,20.6024,20.3733
3245.2500,316.4482,2.3084,23.7257,16.6117
3306.6500,316.4187,2.4614,24.0151,19.7125
3370.5700,316.4640,2.2238,26.0715,20.3123
3437.0300,317.2700,2.2108,23.3713,17.2808
3506.0100,317.2193,2.4733,22.4065,21.7887
3577.5300,317.1632,2.7637,23.3540,22.1116
3651.5800,317.2169,2.4833,23.4888,21.9201
3728.1600,317.2755,2.1774,23.2671,22.5610
3807.2800,318.0779,2.2385,22.6948,23.9633
3888.9200,319.7476,1.6095,18.9222,23.7002
3973.1000,319.7660,1.5136,21.2392,24.7334
4059.8100,319.7188,1.7562,17.2131,24.7422
4149.0500,319.6810,1.9501,21.4599,27.7428
4240.8200,319.5814,2.4623,19.4820,27.8257
4335.1300,320.1216,1.3001,21.4249,23.2051
4431.9600,320.0158,1.8439,19.6627,27.3925
4531.3300,320.0189,1.8268,20.5709,26.3337
4633.2300,320.0644,1.5919,19.9086,25.3862
4737.6600,320.0309,1.7632,21.6186,26.9749
4844.6200,320.0093,1.8731,19.6918,27.7882
4954.1100,320.9810,1.5705,18.6939,24.8484
5066.1400,320.9350,1.8051,19.2483,27.0053
5180.7000,321.0293,1.3214,17.3005,27.0024
5297.7800,320.9621,1.6650,21.1589,27.6298
5417.4100,320.9393,1.7807,15.4161,27.4126
5539.5600,321.5567,1.5862,17.4860,26.1841
5664.2400,321.6216,1.2547,17.3762,25.4532
5791.4600,321.8572,1.6091,20.8586,26.9218
5921.2000,323.0896,1.5800,17.7034,27.7498
6053.4800,323.2042,0.9981,19.3523,23.1995
6188.2900,323.2000,1.0189,20.8047,24.5275
6325.6300,323.2044,0.9963,18.4078,23.2672
6465.5100,324.3142,0.7175,19.0391,24.5891
6607.9100,324.3252,0.6618,20.0289,23.5447
6752.8500,324.3396,0.5886,21.1500,26.0688
6900.3200,324.5843,0.3791,22.1204,24.8504
7050.3200,324.9127,0.3593,21.7167,23.5090
7202.8500,325.6692,0.4076,24.7536,23.6811
7357.9100,325.6548,0.4798,20.5171,22.6094
7515.5100,327.7159,0.3732,25.1369,21.3983
7675.6300,327.7400,0.2525,24.6663,21.0275
7838.2900,329.3064,0.2083,26.3474,23.3313
8003.4800,329.3212,0.1344,28.7525,25.3890
8171.2000,329.3198,0.1412,27.5927,21.0069
8341.4600,329.3214,0.1333,29.3640,20.8044
8514.2400,330.8562,0.1086,30.7223,23.1494
8689.5600,332.9317,0.0786,30.4245,19.9572
8867.4100,332.9282,0.0959,29.8357,20.5291
9047.7900,333.8960,0.0764,32.3566,20.5998
9230.7000,335.3071,0.1515,31.5611,21.1176
9416.1400,336.7388,0.1596,36.4503,21.6502
9604.1100,338.6504,0.1008,32.2555,23.2705
9794.6200,340.2759,0.1225,35.1751,17.7881
9987.6600,340.2872,0.0681,36.7613,19.7666
10183.2300,340.2812,0.0973,36.2168,16.8678
10381.3300,343.1893,0.0571,36.2646,16.6677
10581.9600,343.2923,0.0329,33.4378,16.2780
10785.1300,345.9683,0.0278,34.8789,14.0178
10990.8200,347.8124,0.0749,34.5855,12.1931
11199.0500,347.8159,0.0583,32.2459,12.6984
11409.8100,347.8223,0.0284,31.7993,13.0376
11623.1000,347.8207,0.0359,32.2425,12.3112
11838.9200,348.5900,0.0300,31.7284,11.1910
12057.2800,349.2700,0.0200,35.1854,9.6904
12278.1600,350.6400,0.0200,34.1637,11.3805
12501.5800,352.2300,0.0200,36.4017,10.5160
12727.5300,356.7100,0.0400,32.5959,7.1450
12956.0100,359.7100,0.0700,25.9152,7.3550
13187.0300,361.2300,0.0500,24.7083,6.6855
13420.5700,362.7600,0.0400,18.7755,6.4732
13656.6500,364.3100,0.0300,16.5850,9.4675
13895.2500,367.3800,0.0200,15.8810,11.4832
14136.3900,371.6400,0.0200,15.8760,17.2879
14380.0600,375.7000,0.0200,14.5399,15.3654
14626.2700,379.7500,0.0100,16.1322,11.7287
14875.0000,383.8500,0.0100,18.0076,12.4744
15125.0000,387.5500,0.0100,16.0243,12.1348
15375.0000,391.1000,0.0100,11.9701,10.1989
15625.0000,394.6600,0.0100,13.3321,6.9352
15875.0000,398.2100,0.0100,12.9258,7.5629
16125.0000,402.9100,0.0100,14.6125,8.8681
16375.0000,407.7900,0.0100,12.2673,10.0680
16625.0000,412.6800,0.0100,13.7663,9.8875
16875.0000,417.5600,0.0100,10.5603,9.4980
17125.0000,422.5000,0.0100,8.9905,10.8285
17375.0000,427.5000,0.0100,11.5333,12.9971
17625.0000,432.5000,0.0100,13.6331,8.2415
17875.0000,437.5000,0.0100,8.7444,7.0378
18000.0000,437.5000,0.0100,10.3704,7.3897
