944.96, 304.98,  18.95
25.0000,304.9800,19.1079,-2.2300,9.0600
75.0000,305.1300,18.8234,-2.8700,11.4800
125.0000,305.2700,18.5779,-3.3700,13.4800
175.0000,305.3700,18.4485,-3.5500,14.4800
225.0000,305.4700,18.3390,-3.6900,15.4200
275.0000,305.5600,18.2391,-3.7500,16.2400
325.0000,305.6700,18.1499,-3.7600,17.0800
375.0000,305.7900,18.0517,-3.6700,17.9700
425.0000,305.9200,17.9539,-3.5100,18.8800
475.0000,306.0700,17.8376,-3.2300,19.8500
525.0000,306.2400,17.7123,-4.6215,21.8693
575.0000,306.4300,17.5781,-2.3664,20.2454
625.0000,306.6100,17.4631,-1.0515,23.3269
675.0000,306.7500,17.3861,0.6995,20.3880
725.0000,306.8600,17.2888,-0.4437,24.5288
775.0000,306.9400,17.1322,0.3554,24.7371
825.0000,307.0200,16.9465,3.0414,24.7311
875.0000,307.0700,16.7017,-1.6123,24.1596
925.0000,307.1219,16.4182,1.8429,24.9288
975.0000,308.1856,17.5631,2.6586,23.5850
1025.0000,308.7526,14.5888,3.2387,25.7614
1075.0000,309.3752,18.0143,3.2063,26.1137
1125.0000,310.0556,14.4608,3.7455,24.5407
1175.0000,310.0008,14.7365,5.9907,27.0202
1225.0000,310.0981,14.2174,6.3663,26.6776
1275.0000,309.7905,15.8100,6.9342,28.3799
1325.0000,310.0730,14.3286,8.1243,25.3116
1375.0000,309.7457,16.0211,6.1099,26.6395
1425.0000,309.5961,16.0500,6.0568,27.3440
1475.0000,310.2585,13.3329,7.8561,27.4407
1525.0000,310.3138,13.0352,10.6733,25.3237
1575.0000,310.4819,12.1492,11.6368,27.1201
1625.0000,310.8393,10.2689,11.2498,26.0566
1675.0000,311.7327,13.0057,7.3287,28.7033
1725.0000,312.4459,9.2743,10.1880,25.5441
1775.0000,312.8500,10.2453,16.1589,27.1503
1825.0000,313.1585,8.6249,13.7987,27.8011
1875.0000,313.0002,9.4478,14.2833,26.9420
1925.0000,313.1365,8.7292,16.3048,24.3340
1975.0000,313.3828,7.4329,17.2054,25.5338
2025.0000,314.3003,7.3105,16.5428,25.1801
2075.0000,314.4620,6.4583,17.5539,24.4338
2125.0000,314.1460,8.1076,19.5193,23.6021
2175.0000,314.3329,7.1260,18.7233,26.4495
2225.0000,314.4291,6.6185,20.0768,25.3305
2275.0000,314.3431,7.0646,18.1352,22.9945
2325.0000,314.5645,5.9026,20.7215,24.1840
2375.0000,314.5305,6.0772,19.4092,22.9642
2425.0000,315.8495,6.7336,18.6758,22.0668
2475.0000,316.1783,5.0148,17.8097,20.0901
2525.0000,316.1321,5.2529,21.9744,23.0986
2575.0000,316.1153,5.3379,18.7479,23.4791
2625.0000,316.1258,5.2803,18.8223,17.6308
2675.0000,316.1236,5.2887,19.1374,20.6158
2725.0000,315.9929,5.9662,21.1584,21.1320
2775.0000,316.0961,5.4264,22.8841,23.0210
2825.0000,316.4213,3.7283,20.8462,20.7427
2875.0000,316.0311,5.7590,21.6709,23.1185
2925.0000,316.3683,4.0010,23.5752,20.1115
2975.0000,316.4071,3.7971,21.4250,20.8095
3025.0000,316.5021,3.2996,22.3883,19.4596
3076.2700,316.4355,3.6453,21.4215,19.3391
3130.0600,316.7682,1.9067,19.8562,22.2147
3186.3900,316.6101,2.7317,20.5569,20.8501
3245.2500,316.4744,3.4373,20.4900,20.2429
3306.6500,316.4388,3.6210,19.8558,18.5546
3370.5700,316.7234,2.1363,23.0735,18.9918
3437.0300,318.9074,2.3752,22.4501,21.6898
3506.0100,318.9111,2.3544,21.9035,21.0978
3577.5300,318.9420,2.1929,23.1556,24.7924
3651.5800,318.8833,2.4959,21.7015,23.1538
3728.1600,318.9225,2.2916,22.7637,23.1459
3807.2800,318.7573,3.1439,21.4796,22.7378
3888.9200,319.4613,1.8425,21.2319,26.4182
3973.1000,319.9682,1.8335,18.0104,24.0156
4059.8100,320.0835,1.2371,21.6252,26.1429
4149.0500,320.9200,2.2305,19.5731,27.2312
4240.8200,321.0438,1.5930,17.5488,26.6082
4335.1300,321.0165,1.7324,21.7099,24.9013
4431.9600,320.8788,2.4375,18.6921,24.6675
4531.3300,321.0266,1.6784,18.3334,26.9125
4633.2300,321.0512,1.5512,16.0023,26.0523
4737.6600,321.0271,1.6739,17.1935,24.0092
4844.6200,321.0264,1.6769,18.7683,27.0828
4954.1100,321.0055,1.7829,18.6269,25.2238
5066.1400,321.0965,1.3163,20.6699,25.9476
5180.7000,321.0140,1.7376,18.4543,27.6911
5297.7800,321.0572,1.5161,17.8433,26.9159
5417.4100,321.0371,1.6183,16.3769,27.0089
5539.5600,321.1022,1.2847,19.4216,27.2090
5664.2400,322.3628,1.0998,17.7712,28.0464
5791.4600,323.0813,1.3527,16.4221,28.0504
5921.2000,323.1547,0.9791,19.1270,27.7555
6053.4800,323.2077,0.7098,19.5818,24.7155
6188.2900,323.1151,1.1799,18.1523,26.8901
6325.6300,324.4618,1.1573,18.6302,26.0635
6465.5100,324.6106,0.4041,19.7397,25.2805
6607.9100,324.9728,0.7062,20.3952,23.5292
6752.8500,325.0350,0.3914,22.0329,22.8741
6900.3200,325.1751,0.2477,23.8289,25.5394
7050.3200,326.2430,0.5160,22.6498,24.1871
7202.8500,326.2668,0.3966,23.4114,24.3846
7357.9100,326.2912,0.2736,25.2707,24.0328
7515.5100,328.4626,0.2921,25.5473,24.6165
7675.6300,328.4768,0.2209,24.4528,25.2400
7838.2900,329.1616,0.1459,28.2251,22.6206
8003.4800,329.1545,0.1841,26.9682,23.2075
8171.2000,330.0604,0.1511,26.9838,24.5600
8341.4600,330.0495,0.2054,30.5908,23.9109
8514.2400,330.5245,0.1591,26.7180,23.8018
8689.5600,330.6023,0.1442,31.1856,21.3469
8867.4100,333.9111,0.1907,32.0865,21.3307
9047.7900,333.9220,0.1371,29.8111,22.2312
9230.7000,335.1417,0.1460,33.0138,19.4897
9416.1400,338.4969,0.1729,32.7786,19.7614
9604.1100,338.7031,0.0781,32.0657,18.4390
9794.6200,340.7105,0.1062,34.7811,19.3699
9987.6600,340.7138,0.0898,33.8540,18.2675
10183.2300,340.7085,0.1156,34.2947,16.0015
10381.3300,344.4789,0.1370,34.3082,16.2859
10581.9600,346.7687,0.0642,34.0974,13.1021
10785.1300,346.7647,0.0834,34.4098,15.1888
10990.8200,349.5802,0.0527,32.2795,13.2205
11199.0500,349.5818,0.0454,34.7549,12.3133
11409.8100,349.5821,0.0440,30.7140,14.3299
11623.1000,349.5791,0.0577,33.2446,10.7249
11838.9200,349.5850,0.0300,32.0774,12.0197
12057.2800,349.5872,0.0200,33.2880,9.5772
12278.1600,350.6400,0.0200,34.4479,13.3009
12501.5800,352.2300,0.0200,34.9724,8.5096
12727.5300,356.7100,0.0400,32.3842,2.2235
12956.0100,359.7100,0.0700,31.8657,5.7994
13187.0300,361.2300,0.0500,24.8589,6.8750
13420.5700,362.7600,0.0400,20.5136,7.1089
13656.6500,364.3100,0.0300,16.4878,7.7394
13895.2500,367.3800,0.0200,15.9900,12.9410
14136.3900,371.6400,0.0200,14.8858,17.0687
14380.0600,375.7000,0.0200,13.8803,15.9156
14626.2700,379.7500,0.0100,15.3327,10.9028
14875.0000,383.8500,0.0100,16.7092,13.8392
15125.0000,387.5500,0.0100,16.4946,11.9451
15375.0000,391.1000,0.0100,15.0909,10.2747
15625.0000,394.6600,0.0100,15.2028,10.4060
15875.0000,398.2100,0.0100,12.9280,9.8094
16125.0000,402.9100,0.0100,8.9195,9.9676
16375.0000,407.7900,0.0100,10.3685,9.6566
16625.0000,412.6800,0.0100,11.4119,8.7048
16875.0000,417.5600,0.0100,10.1888,6.6402
17125.0000,422.5000,0.0100,10.2377,8.7819
17375.0000,427.5000,0.0100,13.7522,10.8410
17625.0000,432.5000,0.0100,12.0903,8.0573
17875.0000,437.5000,0.0100,10.9476,8.7534
18000.0000,437.5000,0.0100,9.0142,10.6601
