944.96, 304.98,  18.95
25.0000,304.9800,18.9500,-2.2300,9.0600
75.0000,305.1300,18.6700,-2.8700,11.4800
125.0000,305.2700,18.4300,-3.3700,13.4800
175.0000,305.3700,18.3100,-3.5500,14.4800
225.0000,305.4700,18.2100,-3.6900,15.4200
275.0000,305.5600,18.1200,-3.7500,16.2400
325.0000,305.6700,18.0400,-3.7600,17.0800
375.0000,305.7900,17.9500,-3.6700,17.9700
425.0000,305.9200,17.8600,-3.5100,18.8800
475.0000,306.0700,17.7500,-3.2300,19.8500
525.0000,306.2400,17.6300,-4.0017,17.8062
575.0000,306.4300,17.5000,-1.5096,20.7142
625.0000,306.6100,17.3900,-3.6542,23.6429
675.0000,306.7500,17.3200,-0.9589,25.4517
725.0000,306.8600,17.2300,-0.9892,22.3431
775.0000,306.9400,17.0800,0.9050,23.7606
825.0000,307.0200,16.9000,0.7931,25.7169
875.0000,307.0700,16.6600,2.2979,23.9245
925.0000,307.1219,16.3800,3.2456,26.2299
975.0000,307.2937,16.8308,2.6368,26.5919
1025.0000,307.4782,16.2578,2.6474,25.8907
1075.0000,307.5282,15.9888,1.3880,22.6453
1125.0000,307.7273,14.9175,2.5275,24.6695
1175.0000,308.0396,15.5142,1.3087,26.6836
1225.0000,308.2683,14.2866,2.3837,23.5231
1275.0000,309.0089,16.3576,5.1074,27.9233
1325.0000,309.1416,15.6467,5.7344,28.8279
1375.0000,309.2932,14.8356,4.7610,27.4773
1425.0000,309.2777,14.9184,4.5005,25.7941
1475.0000,310.8176,15.3099,8.8615,24.5371
1525.0000,311.1459,13.5640,9.0058,26.1871
1575.0000,311.7870,10.1650,10.3110,26.6131
1625.0000,311.1535,13.6152,12.2601,26.8162
1675.0000,311.5694,11.4085,14.0571,28.3879
1725.0000,312.0020,10.4849,13.6966,30.0029
1775.0000,312.0629,10.4252,14.5249,23.8271
1825.0000,312.1283,10.0797,12.5326,26.6380
1875.0000,312.5416,7.8984,15.7733,26.3732
1925.0000,313.0928,7.9408,17.3390,25.5252
1975.0000,313.4560,6.0321,17.4372,27.4799
2025.0000,313.1117,7.8413,17.4270,23.8414
2075.0000,313.4492,6.0681,16.9149,23.2916
2125.0000,313.3791,6.4363,15.7357,24.4294
2175.0000,313.2270,7.2351,15.4019,21.1344
2225.0000,313.5966,5.2945,16.6399,24.9648
2275.0000,313.5949,5.3034,18.6036,24.8128
2325.0000,313.9555,3.4147,17.6147,21.6909
2375.0000,313.5423,5.5793,21.3379,21.2297
2425.0000,313.8351,4.0446,15.0123,20.2114
2475.0000,313.4749,6.5974,20.5763,20.4888
2525.0000,313.8073,4.8541,19.4833,19.0461
2575.0000,313.8680,4.5362,17.6545,21.6163
2625.0000,313.7349,5.2331,19.8679,20.3403
2675.0000,313.9875,4.0283,20.0420,17.9717
2725.0000,313.9034,4.4682,21.1554,20.3102
2775.0000,313.8396,4.8023,22.3771,20.4237
2825.0000,314.0721,3.5856,21.6349,21.1619
2875.0000,316.1052,4.3591,22.8084,21.3143
2925.0000,316.1879,3.9294,23.6706,19.2588
2975.0000,316.0839,4.4697,19.8744,19.4455
3025.0000,316.7972,4.3470,23.2334,20.6877
3076.2700,316.9518,3.5455,21.6497,20.1217
3130.0600,316.9917,3.3384,21.4566,20.0423
3186.3900,316.9785,3.4072,22.1345,24.7389
3245.2500,316.7644,4.5176,24.7428,20.9580
3306.6500,316.9746,3.4270,23.3095,20.6249
3370.5700,317.1040,2.7568,22.7471,19.6291
3437.0300,317.2211,2.1505,23.2211,20.5243
3506.0100,316.9610,3.4979,21.3385,23.6013
3577.5300,317.1497,2.5202,24.3355,22.6699
3651.5800,317.0955,2.8006,23.9264,21.3507
3728.1600,317.1350,2.5964,26.5222,21.8112
3807.2800,318.0677,3.0913,21.1502,25.3096
3888.9200,319.0042,3.5341,20.9733,26.6714
3973.1000,319.2044,2.5040,20.6602,25.0746
4059.8100,319.2118,2.4655,18.4088,25.5527
4149.0500,320.1560,1.5287,20.4408,26.7228
4240.8200,320.7108,2.2651,20.0092,28.6476
4335.1300,320.8973,1.3114,21.8294,26.0394
4431.9600,320.7841,1.8903,20.0754,26.7545
4531.3300,320.8417,1.5956,18.6274,27.0550
4633.2300,320.8250,1.6809,21.7510,28.0674
4737.6600,320.7881,1.8697,18.1091,26.6483
4844.6200,320.9204,2.2609,20.9319,27.0334
4954.1100,321.2243,2.1781,18.8902,24.7191
5066.1400,321.2675,1.9579,16.5688,27.6499
5180.7000,321.3436,1.5690,17.9142,25.3621
5297.7800,322.2468,1.3709,20.9752,28.3758
5417.4100,322.1695,1.7650,15.3636,26.8774
5539.5600,322.1860,1.6809,21.3073,27.1912
5664.2400,322.2243,1.4859,20.3775,23.2801
5791.4600,322.2631,1.2882,17.7621,27.6968
5921.2000,322.9712,1.0108,20.4304,26.1471
6053.4800,322.9718,1.0077,21.5607,24.1245
6188.2900,322.9484,1.1266,20.7241,24.6285
6325.6300,322.9665,1.0348,19.7376,23.0543
6465.5100,323.0265,0.7302,18.9980,23.3774
6607.9100,323.0475,0.8643,20.1835,26.7827
6752.8500,325.9322,0.0875,20.6996,24.5137
6900.3200,325.8725,0.3881,22.2635,25.4079
7050.3200,325.8657,0.4220,24.4138,24.3295
7202.8500,328.7280,0.5628,21.8591,26.3255
7357.9100,328.7926,0.2404,21.0294,20.8817
7515.5100,328.7483,0.4615,23.8490,23.1009
7675.6300,328.7733,0.3369,23.3764,20.7057
7838.2900,328.7823,0.2918,26.0143,25.3583
8003.4800,328.8077,0.1653,25.2079,24.2696
8171.2000,328.7948,0.2295,26.4233,22.8359
8341.4600,329.4389,0.1918,30.1576,22.3805
8514.2400,330.7390,0.2542,30.4611,21.7931
8689.5600,332.7809,0.0717,32.2262,19.0645
8867.4100,334.6937,0.1871,29.8314,19.7846
9047.7900,334.7073,0.1203,30.4297,19.9376
9230.7000,334.7001,0.1557,33.9351,21.2399
9416.1400,338.8288,0.1417,33.7309,19.7646
9604.1100,338.8293,0.1391,36.5730,22.4781
9794.6200,339.4520,0.0646,32.2235,18.8133
9987.6600,340.0371,0.0884,34.7110,18.9987
10183.2300,343.2803,0.0961,34.3470,16.0579
10381.3300,343.8578,0.0881,35.6424,17.2381
10581.9600,343.8626,0.0653,36.4100,14.7268
10785.1300,348.8929,0.0423,34.9777,13.6396
10990.8200,348.8859,0.0751,35.8540,14.8674
11199.0500,348.8883,0.0640,34.5252,11.8770
11409.8100,350.1117,0.0424,30.7976,13.6321
11623.1000,350.1105,0.0479,33.0639,11.4937
11838.9200,350.1143,0.0300,31.8930,11.2059
12057.2800,350.1164,0.0200,31.7789,8.5155
12278.1600,350.6400,0.0200,32.7638,13.6292
12501.5800,352.2300,0.0200,33.5024,10.2506
12727.5300,356.7100,0.0400,33.0583,6.4064
12956.0100,359.7100,0.0700,27.6209,5.0809
13187.0300,361.2300,0.0500,21.6556,5.3818
13420.5700,362.7600,0.0400,20.4375,6.6480
13656.6500,364.3100,0.0300,15.9869,6.8971
13895.2500,367.3800,0.0200,17.3354,11.6337
14136.3900,371.6400,0.0200,16.4737,13.3175
14380.0600,375.7000,0.0200,13.7010,15.3476
14626.2700,379.7500,0.0100,15.5671,11.0033
14875.0000,383.8500,0.0100,17.4115,11.6230
15125.0000,387.5500,0.0100,16.0192,13.0337
15375.0000,391.1000,0.0100,15.6959,10.5151
15625.0000,394.6600,0.0000,12.2483,11.2191
15875.0000,398.2100,0.0000,12.3128,9.9660
16125.0000,402.9100,0.0000,11.7809,8.7348
16375.0000,407.7900,0.0000,10.2785,7.9606
16625.0000,412.6800,0.0000,12.9769,9.8791
16875.0000,417.5600,0.0000,13.7168,8.5402
17125.0000,422.5000,0.0000,12.3947,8.8623
17375.0000,427.5000,0.0000,12.6097,6.9179
17625.0000,432.5000,0.0000,11.4106,11.5601
17875.0000,437.5000,0.0000,12.4248,8.8229
18000.0000,437.5000,0.0000,11.7630,8.5225
