944.96, 304.98,  18.95
25.0000,304.9800,18.9500,-2.2300,9.0600
75.0000,305.1300,18.6700,-2.8700,11.4800
125.0000,305.2700,18.4300,-3.3700,13.4800
175.0000,305.3700,18.3100,-3.5500,14.4800
225.0000,305.4700,18.2100,-3.6900,15.4200
275.0000,305.5600,18.1200,-3.7500,16.2400
325.0000,305.6700,18.0400,-3.7600,17.0800
375.0000,305.7900,17.9500,-3.6700,17.9700
425.0000,305.9200,17.8600,-3.5100,18.8800
475.0000,306.0700,17.7500,-3.2300,19.8500
525.0000,306.2400,17.6300,-3.4856,18.9284
575.0000,306.4300,17.5000,-1.8541,22.8782
625.0000,306.6100,17.3900,-3.3375,22.3214
675.0000,306.7500,17.3200,-0.5236,22.0805
725.0000,306.8600,17.2300,-0.1124,22.8315
775.0000,306.9400,17.0800,-1.0246,22.3470
825.0000,307.0200,16.9000,-0.4871,23.5157
875.0000,307.0700,16.6600,1.0515,22.0593
925.0000,307.1219,16.3800,-1.5063,23.7622
975.0000,307.2999,15.4213,1.3843,24.5010
1025.0000,307.3912,14.9296,2.9266,24.6376
1075.0000,309.1217,15.2242,2.5945,22.2853
1125.0000,309.4474,13.4828,4.6589,23.1777
1175.0000,308.8949,16.4389,4.3047,25.3706
1225.0000,309.1825,14.8988,6.3693,26.2918
1275.0000,309.2393,15.7121,6.4780,30.8308
1325.0000,309.4077,14.8113,3.7236,27.0467
1375.0000,309.9519,13.6176,3.9315,29.1534
1425.0000,309.7507,14.6913,5.1227,28.7020
1475.0000,309.7111,15.1916,10.2281,27.5167
1525.0000,309.9587,13.8700,9.2295,25.1799
1575.0000,310.8551,11.4760,11.8139,27.0378
1625.0000,312.4378,10.1942,10.0539,25.8663
1675.0000,312.3342,10.7410,11.0582,28.4041
1725.0000,312.6849,8.8908,11.1964,26.4114
1775.0000,312.7729,8.4268,14.9603,24.7845
1825.0000,312.8393,8.0774,14.6804,25.3996
1875.0000,312.8035,8.2654,18.7029,24.7705
1925.0000,313.1857,6.2551,16.9307,26.4642
1975.0000,314.9405,4.2149,19.1741,25.2730
2025.0000,314.7760,5.0736,15.4443,26.6716
2075.0000,314.8386,4.7470,15.4387,24.1395
2125.0000,314.6906,5.5202,18.0944,23.0424
2175.0000,314.7088,5.4251,16.6167,24.5841
2225.0000,314.7127,5.4043,19.4373,22.5364
2275.0000,315.0521,3.6330,17.8035,23.3854
2325.0000,314.8164,4.8628,19.2170,20.9134
2375.0000,314.9201,4.3213,20.4529,22.7471
2425.0000,314.7429,5.2466,19.3589,21.4006
2475.0000,315.0315,3.7402,19.9060,21.9665
2525.0000,315.4208,1.7120,20.9365,19.5931
2575.0000,314.9580,4.1236,18.8025,20.8316
2625.0000,314.8687,4.5896,18.4047,19.3624
2675.0000,314.9244,4.2988,22.8191,22.1575
2725.0000,315.1874,3.9176,19.5964,20.3010
2775.0000,315.1106,4.3182,19.5201,21.1311
2825.0000,315.1580,4.0705,22.0961,18.6386
2875.0000,315.1838,3.9363,20.4763,20.7790
2925.0000,315.3916,2.8535,22.4017,20.6432
2975.0000,315.3538,3.0503,20.1484,22.3818
3025.0000,315.4587,4.8474,20.2286,18.8199
3076.2700,315.9882,2.0924,23.4322,22.0894
3130.0600,315.8082,3.0280,18.9513,19.9308
3186.3900,315.8032,3.0541,21.9375,17.6546
3245.2500,316.7037,3.1920,24.3843,18.9339
3306.6500,316.8779,2.2888,24.7416,17.5839
3370.5700,316.8531,2.4173,23.8761,20.4882
3437.0300,316.9982,1.6662,22.3486,21.3071
3506.0100,316.6176,3.6388,21.5391,22.1652
3577.5300,316.9261,2.0392,21.9003,21.2716
3651.5800,316.9468,1.9321,21.3498,18.5785
3728.1600,317.0631,1.3302,22.8275,19.9521
3807.2800,317.0432,1.4333,22.4431,22.7278
3888.9200,319.1005,2.1815,19.9518,27.7667
3973.1000,319.5434,1.2075,20.9632,24.2446
4059.8100,319.6065,0.8838,19.7330,26.7715
4149.0500,320.5841,1.0486,23.3960,25.9922
4240.8200,320.2332,2.8462,19.2519,27.8824
4335.1300,320.4632,1.6676,22.2316,26.4764
4431.9600,320.4072,1.9547,18.0953,27.5148
4531.3300,320.4240,1.8686,17.9898,25.3368
4633.2300,320.4488,1.7415,21.1985,25.0906
4737.6600,320.7697,0.6243,18.2940,25.9417
4844.6200,320.6649,1.4989,18.7383,25.4541
4954.1100,320.6807,1.4181,19.1571,27.3518
5066.1400,320.6731,1.4573,19.5771,26.9675
5180.7000,320.6309,1.6730,22.3200,25.3897
5297.7800,320.7144,1.2458,17.6734,27.0793
5417.4100,320.6506,1.5722,16.0165,26.7557
5539.5600,320.7301,1.5700,17.1924,26.9863
5664.2400,320.8342,1.0378,18.4062,26.0160
5791.4600,320.8125,1.1487,19.5502,26.4588
5921.2000,322.7054,1.3632,19.8587,25.1317
6053.4800,322.7505,1.1340,21.1090,24.9315
6188.2900,322.8462,0.6474,19.1848,25.6217
6325.6300,323.8203,0.3254,16.2897,22.9108
6465.5100,323.7298,0.7835,20.0389,24.9726
6607.9100,323.8180,0.6600,18.6727,20.8388
6752.8500,325.5397,0.6658,20.4435,26.1715
6900.3200,325.6049,0.3374,20.2686,25.0066
7050.3200,325.5882,0.4212,20.2530,24.4810
7202.8500,325.5739,0.4931,22.2305,23.9628
7357.9100,325.6082,0.3206,23.2440,23.1649
7515.5100,326.9322,0.3203,25.0593,24.9427
7675.6300,327.9462,0.4270,26.4535,21.5284
7838.2900,328.4239,-0.0203,28.1530,23.3439
8003.4800,328.4162,0.0184,26.4025,22.7172
8171.2000,330.1202,0.1975,25.4772,20.5641
8341.4600,330.1542,0.0286,28.5443,23.7843
8514.2400,330.2985,0.1706,31.6568,21.9638
8689.5600,333.8407,0.0550,29.6535,21.0083
8867.4100,333.8306,0.1048,31.3316,21.2370
9047.7900,333.8323,0.0963,31.0186,22.3142
9230.7000,334.5659,0.0336,34.0236,19.7763
9416.1400,340.0898,0.0410,33.0148,25.1538
9604.1100,340.0886,0.0467,32.7571,19.8107
9794.6200,340.0857,0.0606,31.7720,20.5223
9987.6600,340.7864,0.1269,35.0481,19.3420
10183.2300,342.3257,0.0622,35.9277,17.4391
10381.3300,344.5932,0.0952,36.5644,16.6586
10581.9600,347.4253,-0.0113,35.2828,17.1631
10785.1300,347.4116,0.0532,35.1007,13.3149
10990.8200,347.4102,0.0599,33.5744,13.8948
11199.0500,349.2976,0.0827,35.3451,15.2613
11409.8100,349.3086,0.0309,31.5174,10.9471
11623.1000,349.3052,0.0466,32.3982,8.9837
11838.9200,349.3088,0.0300,34.1005,11.9766
12057.2800,349.3109,0.0200,33.6701,11.6875
12278.1600,350.6400,0.0200,34.3655,10.1951
12501.5800,352.2300,0.0200,34.5638,8.3726
12727.5300,356.7100,0.0400,31.7758,7.7915
12956.0100,359.7100,0.0700,29.0925,4.7277
13187.0300,361.2300,0.0500,26.2453,6.4244
13420.5700,362.7600,0.0400,22.7732,9.4015
13656.6500,364.3100,0.0300,18.3148,7.1366
13895.2500,367.3800,0.0200,15.8370,9.7611
14136.3900,371.6400,0.0200,15.6846,15.7154
14380.0600,375.7000,0.0200,13.1165,16.3160
14626.2700,379.7500,0.0100,14.9302,15.2462
14875.0000,383.8500,0.0100,17.6729,13.3248
15125.0000,387.5500,0.0100,16.6743,12.2885
15375.0000,391.1000,0.0100,14.2213,12.7011
15625.0000,394.6600,0.0000,14.4575,7.5205
15875.0000,398.2100,0.0000,11.7781,11.2181
16125.0000,402.9100,0.0000,10.9484,6.3323
16375.0000,407.7900,0.0000,10.8518,12.3976
16625.0000,412.6800,0.0000,9.3755,7.8033
16875.0000,417.5600,0.0000,8.6243,10.9881
17125.0000,422.5000,0.0000,8.9420,8.3713
17375.0000,427.5000,0.0000,12.1804,10.9338
17625.0000,432.5000,0.0000,10.9934,8.5708
17875.0000,437.5000,0.0000,8.1267,8.5907
18000.0000,437.5000,0.0000,10.7270,8.5207
