944.96, 304.98,  18.95
25.0000,304.9800,18.9500,-2.2300,9.0600
75.0000,305.1300,18.6700,-2.8700,11.4800
125.0000,305.2700,18.4300,-3.3700,13.4800
175.0000,305.3700,18.3100,-3.5500,14.4800
225.0000,305.4700,18.2100,-3.6900,15.4200
275.0000,305.5600,18.1200,-3.7500,16.2400
325.0000,305.6700,18.0400,-3.7600,17.0800
375.0000,305.7900,17.9500,-3.6700,17.9700
425.0000,305.9200,17.8600,-3.5100,18.8800
475.0000,306.0700,17.7500,-3.2300,19.8500
525.0000,306.2400,17.6300,-2.8800,20.8300
575.0000,306.4300,17.5000,-2.4000,21.8300
625.0000,306.6100,17.3900,-1.8500,22.7000
675.0000,306.7500,17.3200,-1.1600,23.2800
725.0000,306.8600,17.2300,-0.5200,23.7700
775.0000,306.9400,17.0800,-0.0100,24.0400
825.0000,307.0200,16.9000,0.5000,24.2700
875.0000,307.0700,16.6600,1.0100,24.3900
925.0000,307.1219,16.3800,1.5500,24.4900
975.0000,307.1887,16.0200,2.1700,24.5400
1025.0000,307.2500,15.7200,2.6600,24.7100
1075.0000,307.4700,15.5500,2.8700,25.1600
1125.0000,307.7000,15.3900,3.1400,25.6200
1175.0000,307.9500,15.2400,3.5600,26.1000
1225.0000,308.1900,15.0800,4.0400,26.5600
1275.0000,308.4100,14.9100,4.6400,26.9800
1325.0000,308.6000,14.7200,5.2800,27.3000
1375.0000,308.7400,14.4800,6.0200,27.3900
1425.0000,308.9500,14.1700,6.8900,27.4200
1475.0000,309.3600,13.7100,8.0400,27.3200
1525.0000,309.8000,13.1800,9.1900,27.2100
1575.0000,310.2900,12.4900,10.3400,27.0600
1625.0000,310.7800,11.7200,11.4300,26.9200
1675.0000,311.2900,10.7400,12.3900,26.7700
1725.0000,311.7000,9.8400,13.2800,26.5500
1775.0000,311.8700,9.1400,14.0200,26.1600
1825.0000,312.0300,8.5000,14.7200,25.7800
1875.0000,312.1800,7.9600,15.3000,25.4400
1925.0000,312.3300,7.4700,15.8300,25.1300
1975.0000,312.4800,7.1000,16.2400,24.9100
2025.0000,312.6100,6.7500,16.6400,24.6500
2075.0000,312.6700,6.4700,17.0100,24.2700
2125.0000,312.7400,6.1900,17.3700,23.9000
2175.0000,312.7900,5.9400,17.6900,23.5200
2225.0000,312.8337,5.7100,17.9800,23.1300
2275.0000,312.8800,5.5100,18.2200,22.7500
2325.0000,312.9500,5.3200,18.5000,22.3800
2375.0000,313.0700,5.1500,18.8900,22.0600
2425.0000,313.1900,4.9800,19.2700,21.7600
2475.0000,313.3000,4.8300,19.6200,21.4800
2525.0000,313.3800,4.6800,19.9200,21.2300
2575.0000,313.4086,4.5300,20.0800,21.0500
2625.0000,313.4315,4.4100,20.2500,20.8800
2675.0000,313.4800,4.3300,20.4300,20.7400
2725.0000,313.5200,4.2500,20.6200,20.6000
2775.0000,313.5700,4.1900,20.8100,20.4800
2825.0000,313.6500,4.1100,21.0200,20.3600
2875.0000,313.7800,3.9800,21.2700,20.2100
2925.0000,313.9300,3.8200,21.5100,20.0900
2975.0000,314.1200,3.6000,21.7600,20.0100
3025.0000,314.3300,3.3500,22.0000,19.9600
3076.2700,314.6100,3.0200,22.2500,19.9700
3130.0600,314.8300,2.7700,22.4800,19.9900
3186.3900,314.9400,2.7000,22.6600,20.0500
3245.2500,315.0300,2.6600,22.8400,20.1200
3306.6500,315.1200,2.6400,23.0000,20.2100
3370.5700,315.4000,2.5700,23.0400,20.4000
3437.0300,315.6600,2.5100,23.0400,20.5900
3506.0100,315.8600,2.4500,22.9900,20.7800
3577.5300,315.9200,2.4400,22.8200,20.9800
3651.5800,315.9800,2.4200,22.6400,21.1900
3728.1600,316.2700,2.3600,22.2500,21.7800
3807.2800,317.3100,2.1600,21.2200,23.6400
3888.9200,318.3400,1.9500,20.2100,25.4500
3973.1000,318.6500,1.8800,19.8700,25.9600
4059.8100,318.7100,1.8600,19.7800,26.0100
4149.0500,318.7800,1.8400,19.6700,26.0600
4240.8200,318.8500,1.8200,19.5700,26.1200
4335.1300,318.9300,1.8000,19.4600,26.1800
4431.9600,319.0100,1.7800,19.3500,26.2300
4531.3300,319.0800,1.7600,19.2400,26.2900
4633.2300,319.1600,1.7400,19.1200,26.3500
4737.6600,319.2400,1.7100,19.0100,26.4200
4844.6200,319.3200,1.6900,18.8800,26.4800
4954.1100,319.4100,1.6600,18.7600,26.5500
5066.1400,319.4900,1.6400,18.6300,26.6100
5180.7000,319.5800,1.6200,18.5000,26.6800
5297.7800,319.6700,1.5800,18.3700,26.7500
5417.4100,319.9200,1.5100,18.4500,26.5500
5539.5600,320.2200,1.4300,18.5800,26.2700
5664.2400,320.5400,1.3300,18.7200,25.9800
5791.4600,320.8500,1.2400,18.8600,25.6800
5921.2000,321.1800,1.1500,19.0100,25.3700
6053.4800,321.5100,1.0600,19.1600,25.0700
6188.2900,321.9100,0.9600,19.3700,24.8100
6325.6300,322.5000,0.8600,19.7600,24.7100
6465.5100,323.1400,0.7500,20.1900,24.6400
6607.9100,323.7900,0.6500,20.6300,24.5700
6752.8500,324.4400,0.5500,21.0800,24.4900
6900.3200,325.0300,0.4500,21.6200,24.3900
7050.3200,325.4800,0.4200,22.3100,24.2300
7202.8500,325.9100,0.3700,23.0300,24.0500
7357.9100,326.3600,0.3400,23.7500,23.8800
7515.5100,326.8200,0.2900,24.4900,23.7000
7675.6300,327.2800,0.2500,25.2300,23.5200
7838.2900,327.7500,0.2000,25.9900,23.3400
8003.4800,328.3200,0.1700,26.8600,23.0900
8171.2000,328.9900,0.1500,27.8300,22.7900
8341.4600,329.6600,0.1400,28.8200,22.4800
8514.2400,330.3400,0.1300,29.8200,22.1600
8689.5600,331.0800,0.1100,30.7400,21.8900
8867.4100,332.0600,0.1100,31.2300,21.8100
9047.7900,333.0800,0.1000,31.6700,21.7600
9230.7000,334.3100,0.1000,32.2700,21.5800
9416.1400,336.9700,0.1000,33.8900,20.5400
9604.1100,337.9300,0.1000,34.1000,19.8600
9794.6200,338.8700,0.0900,34.3100,19.1700
9987.6600,339.8400,0.0900,34.5200,18.4700
10183.2300,341.4200,0.0800,34.6600,17.6500
10381.3300,343.1400,0.0800,34.6900,16.7700
10581.9600,344.9100,0.0700,34.1700,15.7600
10785.1300,346.1700,0.0700,33.7600,14.8700
10990.8200,346.6500,0.0600,33.5900,14.1800
11199.0500,347.1200,0.0500,33.4200,13.4700
11409.8100,347.6100,0.0400,33.2400,12.7600
11623.1000,348.1000,0.0400,33.0600,12.0400
11838.9200,348.5900,0.0300,32.8900,11.3000
12057.2800,349.2700,0.0200,32.9300,10.5900
12278.1600,350.6400,0.0200,33.8600,9.9300
12501.5800,352.2300,0.0200,34.7600,9.2000
12727.5300,356.7100,0.0400,32.6400,7.1400
12956.0100,359.7100,0.0700,28.0400,6.0100
13187.0300,361.2300,0.0500,24.6800,6.7800
13420.5700,362.7600,0.0400,21.2700,7.5700
13656.6500,364.3100,0.0300,17.8200,8.3600
13895.2500,367.3800,0.0200,15.8800,11.2400
14136.3900,371.6400,0.0200,15.2400,15.4700
14380.0600,375.7000,0.0200,15.6500,15.0000
14626.2700,379.7500,0.0100,16.2400,13.7100
14875.0000,383.8500,0.0100,16.8400,12.4000
15125.0000,387.5500,0.0100,15.9500,11.4700
15375.0000,391.1000,0.0100,14.4800,10.7000
15625.0000,394.6600,0.0000,13.0000,9.9300
15875.0000,398.2100,0.0000,11.5300,9.1600
16125.0000,402.9100,0.0000,11.3200,9.0500
16375.0000,407.7900,0.0000,11.3200,9.0500
16625.0000,412.6800,0.0000,11.3200,9.0500
16875.0000,417.5600,0.0000,11.3200,9.0500
17125.0000,422.5000,0.0000,11.3200,9.0500
17375.0000,427.5000,0.0000,11.3200,9.0500
17625.0000,432.5000,0.0000,11.3200,9.0500
17875.0000,437.5000,0.0000,11.3200,9.0500
18000.0000,437.5000,0.0000,11.3200,9.0500
