944.96, 304.98,  18.95
25.0000,304.9800,19.1079,-2.2300,9.0600
75.0000,305.1300,18.8234,-2.8700,11.4800
125.0000,305.2700,18.5779,-3.3700,13.4800
175.0000,305.3700,18.4485,-3.5500,14.4800
225.0000,305.4700,18.3390,-3.6900,15.4200
275.0000,305.5600,18.2391,-3.7500,16.2400
325.0000,305.6700,18.1499,-3.7600,17.0800
375.0000,305.7900,18.0517,-3.6700,17.9700
425.0000,305.9200,17.9539,-3.5100,18.8800
475.0000,306.0700,17.8376,-3.2300,19.8500
525.0000,306.2400,17.7123,-5.2013,20.2817
575.0000,306.4300,17.5781,-0.4835,23.0145
625.0000,306.6100,17.4631,-0.1255,22.3542
675.0000,306.7500,17.3861,-1.5367,24.4403
725.0000,306.8600,17.2888,0.5244,25.1490
775.0000,306.9400,17.1322,1.2821,21.6343
825.0000,307.0200,16.9465,1.4253,22.6586
875.0000,307.0700,16.7017,3.6495,25.2868
925.0000,307.1219,16.4182,-0.6785,25.9581
975.0000,307.3985,14.9565,-0.8167,22.5643
1025.0000,307.3462,15.2210,1.9927,27.4730
1075.0000,307.4275,14.7840,3.4091,26.2904
1125.0000,308.5169,16.7753,-0.4570,26.0273
1175.0000,308.8455,15.0506,3.4380,28.1859
1225.0000,308.2798,16.3940,5.8076,27.3100
1275.0000,308.6728,15.9306,5.2207,26.8392
1325.0000,309.0073,14.1751,7.9268,26.7197
1375.0000,309.5236,15.2505,7.4160,26.9934
1425.0000,309.6511,14.5771,7.4708,27.3537
1475.0000,310.7863,14.2047,9.5720,28.9700
1525.0000,311.8486,14.6877,11.3844,29.7505
1575.0000,312.4510,11.5453,14.4639,27.0168
1625.0000,312.1272,13.2230,10.7862,27.2923
1675.0000,312.8474,12.2454,12.6289,27.4065
1725.0000,313.2689,10.0404,13.0491,26.5794
1775.0000,313.4181,9.2535,13.3205,26.2751
1825.0000,313.5277,8.6735,16.8909,28.2668
1875.0000,313.7412,7.5487,15.7589,23.2866
1925.0000,313.4690,8.9692,15.0448,25.9132
1975.0000,313.7405,8.3071,15.3385,22.6375
2025.0000,313.9819,7.0378,16.8211,25.1408
2075.0000,314.2454,5.6495,20.1300,23.9204
2125.0000,313.7820,8.0750,17.5333,25.8874
2175.0000,314.0087,6.8847,16.4035,23.9693
2225.0000,315.0185,5.6098,19.7500,22.9905
2275.0000,314.9155,6.1461,17.3752,22.1850
2325.0000,314.7285,7.1197,18.0807,19.6159
2375.0000,314.5776,7.9019,18.3819,22.1171
2425.0000,315.1940,4.6774,21.3686,20.1719
2475.0000,315.4479,5.4881,21.1329,21.0854
2525.0000,315.5701,4.8460,20.1740,23.4620
2575.0000,315.3169,6.1654,21.0837,20.2148
2625.0000,315.4238,5.6050,18.2277,19.7584
2675.0000,315.5287,5.0548,21.4477,21.8526
2725.0000,315.4513,5.4559,19.4563,21.7487
2775.0000,315.6855,4.2307,18.7977,20.4491
2825.0000,315.4885,5.2566,21.2555,20.9369
2875.0000,315.4515,5.4469,22.1061,20.9893
2925.0000,315.5698,4.8282,23.3480,18.3530
2975.0000,315.7523,3.8740,22.3552,19.2309
3025.0000,317.1765,5.0537,19.5202,18.6197
3076.2700,317.4528,3.6163,23.7865,20.8087
3130.0600,317.5585,3.0647,22.2354,19.5992
3186.3900,317.4287,3.7380,23.6809,20.9488
3245.2500,317.6507,2.5815,20.2785,20.0379
3306.6500,317.7598,2.0121,24.2933,21.3089
3370.5700,317.6536,2.5638,23.5913,22.0190
3437.0300,317.7151,2.2425,23.8072,20.8429
3506.0100,317.5898,2.8920,22.7312,20.4693
3577.5300,317.7008,2.3144,22.0391,18.8486
3651.5800,318.3474,2.4012,25.5311,17.0943
3728.1600,318.4268,1.9881,21.0269,24.0726
3807.2800,319.7385,2.8638,23.2238,24.2641
3888.9200,319.8217,2.4335,21.4641,23.3078
3973.1000,319.8944,2.0569,22.6222,26.0691
4059.8100,319.9453,1.7934,18.3922,26.6413
4149.0500,320.7226,1.6698,18.8011,24.2748
4240.8200,320.7624,1.4640,18.9131,26.1695
4335.1300,320.5170,2.7239,21.4242,26.9470
4431.9600,320.8171,1.1811,19.7198,25.1959
4531.3300,320.6185,2.2003,17.8673,24.6801
4633.2300,320.6826,1.8702,19.4646,25.8567
4737.6600,320.6039,2.2727,20.2866,26.1007
4844.6200,320.6638,1.9644,18.4402,27.0356
4954.1100,320.8789,1.8623,16.3415,28.9369
5066.1400,320.8839,1.8356,21.5236,27.5343
5180.7000,320.8525,1.9953,17.9468,24.3960
5297.7800,320.8949,1.7778,17.4555,25.3013
5417.4100,320.9578,1.4554,20.8766,26.2202
5539.5600,323.4262,1.4319,16.3250,28.3912
5664.2400,323.4677,1.2207,19.6500,25.4143
5791.4600,323.4391,1.3654,19.2978,25.7434
5921.2000,323.5324,0.8909,20.0437,30.3533
6053.4800,323.5030,1.0398,18.8430,23.9179
6188.2900,323.4908,1.1012,19.9842,26.3210
6325.6300,323.5475,0.8134,20.3716,23.9253
6465.5100,325.4298,0.7239,18.8956,26.3130
6607.9100,326.5900,0.6096,19.7023,26.4043
6752.8500,326.5972,0.5730,22.0249,25.8557
6900.3200,326.5972,0.5726,20.5393,23.5863
7050.3200,326.5945,0.5861,20.2310,22.2272
7202.8500,327.1139,0.5058,24.6637,24.2186
7357.9100,328.5253,0.3515,25.0377,24.0052
7515.5100,328.5281,0.3377,23.3152,24.2333
7675.6300,328.8164,0.2403,23.3485,22.2085
7838.2900,329.4608,0.1260,27.1571,24.1206
8003.4800,329.4741,0.0598,25.1218,23.8595
8171.2000,329.4999,0.2143,26.4110,23.7420
8341.4600,329.5083,0.1721,28.5328,20.6434
8514.2400,332.3864,0.1800,29.7514,21.8694
8689.5600,332.4104,0.0616,26.9156,21.1743
8867.4100,332.3896,0.1640,30.1518,21.7980
9047.7900,334.5062,0.0696,32.9785,23.3607
9230.7000,334.4974,0.1126,30.4532,22.6821
9416.1400,334.9827,0.1472,32.1930,20.5893
9604.1100,336.3287,0.0712,34.0362,18.5773
9794.6200,338.5993,0.0618,36.6107,19.1005
9987.6600,339.5132,0.0670,36.1210,16.9409
10183.2300,340.9903,0.0974,35.8396,20.3231
10381.3300,344.5909,0.0676,34.7623,15.3192
10581.9600,346.2333,0.0938,36.9249,17.6096
10785.1300,347.8542,0.0835,35.5890,15.4505
10990.8200,347.8502,0.1024,33.5250,12.1685
11199.0500,351.3154,0.0683,35.7950,13.4383
11409.8100,351.3214,0.0407,33.6202,12.3092
11623.1000,351.3209,0.0430,33.7439,9.8096
11838.9200,351.3236,0.0300,32.8743,12.1852
12057.2800,351.3258,0.0200,34.5140,10.8997
12278.1600,351.3258,0.0200,32.4377,9.7790
12501.5800,352.2300,0.0200,34.7508,10.1859
12727.5300,356.7100,0.0400,32.0370,6.8964
12956.0100,359.7100,0.0700,29.9567,5.8955
13187.0300,361.2300,0.0500,24.1472,6.6298
13420.5700,362.7600,0.0400,21.4735,8.0811
13656.6500,364.3100,0.0300,19.4482,11.0761
13895.2500,367.3800,0.0200,15.7094,13.2203
14136.3900,371.6400,0.0200,11.2370,14.1415
14380.0600,375.7000,0.0200,14.6047,16.2425
14626.2700,379.7500,0.0100,16.4343,13.6867
14875.0000,383.8500,0.0100,18.3839,10.7039
15125.0000,387.5500,0.0100,15.6468,11.3786
15375.0000,391.1000,0.0100,13.8478,12.2583
15625.0000,394.6600,0.0100,15.5482,11.2877
15875.0000,398.2100,0.0100,14.1122,9.3337
16125.0000,402.9100,0.0100,11.3390,8.8438
16375.0000,407.7900,0.0100,10.9284,9.1858
16625.0000,412.6800,0.0100,12.2693,8.9802
16875.0000,417.5600,0.0100,12.0852,10.4770
17125.0000,422.5000,0.0100,13.6354,11.1176
17375.0000,427.5000,0.0100,13.0580,8.9115
17625.0000,432.5000,0.0100,12.8880,9.0984
17875.0000,437.5000,0.0100,13.9700,14.3860
18000.0000,437.5000,0.0100,13.7972,7.1149
