944.96, 304.98,  18.95
25.0000,304.9800,19.1079,-2.2300,9.0600
75.0000,305.1300,18.8234,-2.8700,11.4800
125.0000,305.2700,18.5779,-3.3700,13.4800
175.0000,305.3700,18.4485,-3.5500,14.4800
225.0000,305.4700,18.3390,-3.6900,15.4200
275.0000,305.5600,18.2391,-3.7500,16.2400
325.0000,305.6700,18.1499,-3.7600,17.0800
375.0000,305.7900,18.0517,-3.6700,17.9700
425.0000,305.9200,17.9539,-3.5100,18.8800
475.0000,306.0700,17.8376,-3.2300,19.8500
525.0000,306.2400,17.7123,-2.4525,20.6686
575.0000,306.4300,17.5781,-2.9853,22.7148
625.0000,306.6100,17.4631,-0.8801,22.1921
675.0000,306.7500,17.3861,-0.1491,25.8744
725.0000,306.8600,17.2888,0.1939,24.0758
775.0000,306.9400,17.1322,-0.2779,25.0664
825.0000,307.0200,16.9465,-1.3734,23.9168
875.0000,307.0700,16.7017,1.7527,23.8579
925.0000,307.1219,16.4182,2.7400,24.5458
975.0000,307.2114,15.9385,1.7608,23.3984
1025.0000,307.1452,16.9167,3.3476,23.6273
1075.0000,309.1944,18.4424,6.0571,25.5463
1125.0000,309.7952,15.3073,2.0570,25.0624
1175.0000,309.6864,15.8630,3.4523,25.6447
1225.0000,310.0366,14.0253,3.1486,24.7524
1275.0000,309.9441,14.4983,7.6252,30.4542
1325.0000,309.9375,14.5229,3.8677,26.5842
1375.0000,311.8837,14.6378,6.1033,29.0765
1425.0000,311.6869,15.6466,6.0389,27.4583
1475.0000,312.3568,12.1549,8.6161,27.5196
1525.0000,312.6871,10.4194,8.9914,26.3762
1575.0000,312.5251,11.2590,11.7930,25.9980
1625.0000,312.4225,11.7869,11.6932,26.2261
1675.0000,312.5234,11.2528,13.6915,27.8401
1725.0000,312.9937,8.7850,14.0572,25.7184
1775.0000,312.6714,10.4656,14.3997,28.3252
1825.0000,312.8677,9.4332,16.1153,26.2632
1875.0000,312.9284,9.7321,15.4043,26.8407
1925.0000,313.3009,7.7763,15.4279,25.6492
1975.0000,313.3807,9.4808,15.8915,28.3667
2025.0000,313.9237,6.6328,14.4459,24.4329
2075.0000,313.9052,6.7262,17.7254,23.6754
2125.0000,314.0218,6.1101,15.7242,21.8113
2175.0000,313.7699,7.4264,17.2884,25.8299
2225.0000,314.2061,5.1347,18.9689,23.9056
2275.0000,314.0779,5.8047,16.0002,21.0456
2325.0000,314.3873,6.7251,17.7887,22.6044
2375.0000,314.4103,6.6009,22.1867,22.3760
2425.0000,314.4993,6.1326,17.7253,22.8214
2475.0000,315.3071,5.6635,19.7698,22.3899
2525.0000,315.3899,5.2281,18.7731,20.9909
2575.0000,315.6822,3.6944,21.0822,20.4990
2625.0000,315.6643,3.7862,21.7102,22.6600
2675.0000,315.5693,4.2816,18.5519,21.3312
2725.0000,315.6687,4.9392,20.1925,21.9955
2775.0000,315.7049,4.7479,23.7206,21.1368
2825.0000,315.7921,4.2904,19.5926,20.8848
2875.0000,316.0821,2.7716,22.0650,19.2551
2925.0000,315.8852,3.8001,24.9310,19.4311
2975.0000,315.8348,4.0615,22.6971,20.3791
3025.0000,315.8833,3.8063,23.1513,21.7284
3076.2700,315.9828,3.2853,22.8486,20.4936
3130.0600,316.1049,2.6460,23.1079,19.1495
3186.3900,316.2183,2.0515,24.1337,18.0031
3245.2500,316.0445,2.9589,22.0369,21.1965
3306.6500,316.0490,2.9337,24.2011,20.3370
3370.5700,316.0519,3.5259,24.1251,18.6763
3437.0300,316.2004,2.7509,25.4021,19.6629
3506.0100,316.3235,2.1076,23.3129,19.2929
3577.5300,316.2475,2.5024,22.6531,21.4386
3651.5800,317.7899,3.7801,20.8150,23.7583
3728.1600,318.1138,2.1004,20.6464,24.3238
3807.2800,318.1261,2.0355,22.0844,21.8353
3888.9200,318.2051,1.6249,19.1535,25.6000
3973.1000,319.8249,2.0998,21.3715,25.3468
4059.8100,319.7093,2.6939,18.0026,24.5423
4149.0500,319.9201,1.6063,18.7619,28.1113
4240.8200,319.8686,1.8710,17.5863,26.9254
4335.1300,320.8728,1.2545,18.8621,26.0492
4431.9600,320.6312,2.4945,21.1912,27.5097
4531.3300,320.9240,1.8728,18.3794,27.8937
4633.2300,321.0290,1.3331,19.1867,27.3071
4737.6600,320.9456,1.7602,20.7954,26.6602
4844.6200,321.0729,1.1065,17.7959,27.2123
4954.1100,321.0362,1.2938,19.5278,25.7370
5066.1400,320.9977,1.4905,17.8904,26.4252
5180.7000,321.1238,1.4287,17.8627,27.6207
5297.7800,321.1685,1.1997,15.7207,25.6632
5417.4100,321.1815,1.1324,17.6939,27.8486
5539.5600,321.8953,1.1347,18.5792,27.0201
5664.2400,321.8044,1.5981,17.8154,26.1006
5791.4600,322.4514,1.2426,15.4591,26.6797
5921.2000,323.9393,1.1239,17.6367,24.9377
6053.4800,323.9737,0.9491,18.7723,25.0753
6188.2900,323.9511,1.0636,18.2720,24.1193
6325.6300,323.9513,1.0618,20.3962,25.2965
6465.5100,324.0579,0.9122,20.8447,24.6149
6607.9100,324.1105,0.6452,19.5684,23.3807
6752.8500,324.1361,0.5154,22.4464,24.5502
6900.3200,327.4273,0.5526,20.3507,23.0287
7050.3200,327.4896,0.2397,18.5839,27.8064
7202.8500,327.6218,0.3053,21.1370,23.9033
7357.9100,327.6254,0.2871,24.0749,25.0572
7515.5100,327.5988,0.4201,25.4019,24.4203
7675.6300,327.6244,0.2917,23.4986,22.8203
7838.2900,327.9933,0.2059,28.4579,24.3337
8003.4800,329.1922,0.0662,24.7378,22.6619
8171.2000,330.6280,0.0999,27.3051,23.9725
8341.4600,332.5882,0.1667,28.1030,25.6687
8514.2400,332.6116,0.0515,27.5382,20.8217
8689.5600,332.5860,0.1775,32.9276,22.7067
8867.4100,333.7690,0.0520,32.0704,21.0961
9047.7900,335.0172,0.0986,30.2867,22.5931
9230.7000,335.0127,0.1204,31.7880,21.9197
9416.1400,337.9314,0.1013,33.6330,19.1379
9604.1100,340.0772,0.1177,34.7601,18.7601
9794.6200,340.0942,0.0356,34.3745,16.1947
9987.6600,340.0752,0.1273,35.2155,18.2104
10183.2300,342.5863,0.0808,33.3930,18.3576
10381.3300,345.8889,0.0590,35.8716,19.9323
10581.9600,345.8863,0.0713,34.8659,17.3142
10785.1300,346.6161,0.0913,34.4632,13.3177
10990.8200,347.3985,0.0997,34.5526,13.1503
11199.0500,350.6878,0.0613,34.4863,15.2538
11409.8100,350.6916,0.0434,35.9528,11.6580
11623.1000,350.6868,0.0656,32.0950,11.6159
11838.9200,350.6945,0.0300,34.3682,12.6906
12057.2800,350.6966,0.0200,31.7416,10.4305
12278.1600,350.6966,0.0200,33.8456,8.4439
12501.5800,352.2300,0.0200,37.0554,8.8280
12727.5300,356.7100,0.0400,29.7517,4.8758
12956.0100,359.7100,0.0700,30.8130,4.9348
13187.0300,361.2300,0.0500,24.1642,3.9523
13420.5700,362.7600,0.0400,19.4198,7.4824
13656.6500,364.3100,0.0300,18.6847,6.9464
13895.2500,367.3800,0.0200,14.4910,11.6250
14136.3900,371.6400,0.0200,17.6538,17.5551
14380.0600,375.7000,0.0200,15.2435,16.2968
14626.2700,379.7500,0.0100,13.9960,15.3303
14875.0000,383.8500,0.0100,13.5784,13.0694
15125.0000,387.5500,0.0100,15.0812,12.5407
15375.0000,391.1000,0.0100,14.7627,11.9165
15625.0000,394.6600,0.0100,13.0216,11.8449
15875.0000,398.2100,0.0100,12.0929,11.3008
16125.0000,402.9100,0.0100,9.5443,6.5211
16375.0000,407.7900,0.0100,10.1602,10.5494
16625.0000,412.6800,0.0100,11.0130,8.0727
16875.0000,417.5600,0.0100,11.6132,10.9755
17125.0000,422.5000,0.0100,14.0342,8.0725
17375.0000,427.5000,0.0100,11.5246,10.6307
17625.0000,432.5000,0.0100,13.1407,11.0662
17875.0000,437.5000,0.0100,12.5988,9.6655
18000.0000,437.5000,0.0100,11.5226,7.4143
