944.96, 304.98,  18.95
25.0000,304.9800,18.9500,-2.2300,9.0600
75.0000,305.1300,18.6700,-2.8700,11.4800
125.0000,305.2700,18.4300,-3.3700,13.4800
175.0000,305.3700,18.3100,-3.5500,14.4800
225.0000,305.4700,18.2100,-3.6900,15.4200
275.0000,305.5600,18.1200,-3.7500,16.2400
325.0000,305.6700,18.0400,-3.7600,17.0800
375.0000,305.7900,17.9500,-3.6700,17.9700
425.0000,305.9200,17.8600,-3.5100,18.8800
475.0000,306.0700,17.7500,-3.2300,19.8500
525.0000,306.2400,17.6300,-4.7347,24.0796
575.0000,306.4300,17.5000,-4.1629,21.0766
625.0000,306.6100,17.3900,-0.1437,25.2072
675.0000,306.7500,17.3200,0.6905,25.2168
725.0000,306.8600,17.2300,-2.5087,24.0763
775.0000,306.9400,17.0800,-1.8151,23.3098
825.0000,307.0200,16.9000,1.7803,25.6240
875.0000,307.0700,16.6600,-0.4926,21.4541
925.0000,307.1219,16.3800,0.8389,23.6166
975.0000,308.2058,16.8534,0.9547,24.8687
1025.0000,309.0843,12.1461,1.7136,25.5507
1075.0000,308.2184,16.7853,3.8680,23.4580
1125.0000,308.4282,15.6588,3.3678,25.4707
1175.0000,308.5100,15.2200,5.4363,26.0118
1225.0000,308.6101,14.6833,1.2371,28.0946
1275.0000,308.7648,13.8546,4.8194,23.9867
1325.0000,308.8187,13.5661,5.4026,26.9498
1375.0000,308.8944,13.1611,6.8227,27.5456
1425.0000,308.5670,14.9143,7.6345,24.5697
1475.0000,310.7768,13.5903,9.4395,27.1728
1525.0000,311.0526,12.1247,7.8670,28.4495
1575.0000,311.2066,11.3070,8.5433,24.7381
1625.0000,311.2786,10.9253,12.2174,30.2251
1675.0000,311.7458,8.4523,9.5901,26.3463
1725.0000,311.8969,7.6540,16.9001,25.1151
1775.0000,312.1020,7.7950,14.0388,25.0375
1825.0000,312.4665,7.9697,12.1499,25.7071
1875.0000,312.1365,9.7109,16.2939,27.1716
1925.0000,312.6076,8.3309,15.6321,25.4751
1975.0000,312.9174,6.6992,16.5987,23.6464
2025.0000,312.9107,6.7348,15.4054,24.7388
2075.0000,312.9952,6.2905,16.4014,23.2265
2125.0000,312.8196,7.2140,19.3275,25.0735
2175.0000,312.8869,6.8597,18.0190,21.6028
2225.0000,313.3492,6.5298,19.0326,23.4460
2275.0000,313.9762,3.2433,19.1987,23.6779
2325.0000,313.7266,5.4238,18.0394,24.2745
2375.0000,313.6645,5.7496,18.7654,22.6158
2425.0000,313.5489,6.3559,20.8016,22.9029
2475.0000,315.1568,4.5722,22.6302,22.7190
2525.0000,314.9975,5.4037,18.9678,19.6229
2575.0000,315.0921,4.9097,21.2377,24.7729
2625.0000,315.2033,4.3296,22.2916,17.6623
2675.0000,315.2135,4.2766,19.4576,17.6350
2725.0000,314.9972,5.4054,16.8422,20.3752
2775.0000,315.4118,3.2431,24.0414,21.6268
2825.0000,315.1679,4.5141,21.3791,17.0575
2875.0000,315.3321,3.6584,20.5423,21.7076
2925.0000,315.2857,3.9001,20.2362,20.0368
2975.0000,315.4053,3.2773,23.7701,19.8366
3025.0000,315.5559,2.4929,23.9645,19.8279
3076.2700,315.5630,2.4563,20.8312,17.8702
3130.0600,315.5778,2.3790,22.9470,19.7189
3186.3900,315.5059,2.7531,25.1946,20.6470
3245.2500,315.6635,1.9334,24.0656,19.9236
3306.6500,315.5044,2.7609,22.0414,19.6287
3370.5700,315.4120,3.2422,22.5394,21.6180
3437.0300,315.5357,2.5980,20.5577,20.3362
3506.0100,315.5255,2.6511,19.9621,21.0963
3577.5300,317.4957,1.3656,22.9122,21.6602
3651.5800,317.3968,1.8767,21.8477,20.9497
3728.1600,317.2694,2.5356,24.4113,18.9448
3807.2800,317.8886,1.8962,23.1986,25.5064
3888.9200,318.8668,1.2210,19.1566,27.0937
3973.1000,318.8159,1.4826,22.3319,24.3243
4059.8100,318.9096,1.3433,21.7194,24.7403
4149.0500,319.5555,1.3921,20.2786,25.5025
4240.8200,319.5007,1.6736,19.2921,26.5501
4335.1300,319.4610,1.8779,23.0465,27.7568
4431.9600,319.4072,2.1542,16.7681,25.4647
4531.3300,319.6179,1.0720,19.6994,23.8043
4633.2300,319.4702,1.8306,19.6319,27.0655
4737.6600,319.5403,1.4704,20.6799,25.9738
4844.6200,319.4431,1.9698,16.5915,25.2216
4954.1100,319.5685,1.3257,17.2535,26.9299
5066.1400,319.5956,1.4004,17.9259,27.4573
5180.7000,320.1910,2.0782,18.7871,25.5348
5297.7800,320.5447,1.2240,20.2207,26.8791
5417.4100,320.5177,1.3624,18.5591,26.1772
5539.5600,320.5127,1.3877,18.1444,26.5050
5664.2400,321.3354,1.4239,19.5008,30.4172
5791.4600,321.3658,1.2686,16.1317,26.0647
5921.2000,321.4131,1.0273,20.8336,26.0409
6053.4800,321.4573,0.8019,18.1673,25.4560
6188.2900,321.3866,1.1625,19.3159,25.0495
6325.6300,324.7191,0.9279,18.4849,24.6133
6465.5100,325.1420,0.4235,20.1097,22.0757
6607.9100,325.1398,0.4347,17.8516,25.3343
6752.8500,325.0839,0.7168,22.1355,23.2169
6900.3200,325.1397,0.4352,20.7163,26.3438
7050.3200,325.4291,0.4127,23.2154,24.9991
7202.8500,325.4369,0.3734,24.3372,22.9573
7357.9100,326.7996,0.2318,23.1745,23.3846
7515.5100,326.8212,0.1235,24.4225,25.0482
7675.6300,326.8699,0.1441,26.1022,24.6102
7838.2900,328.5580,0.1978,24.8772,24.5312
8003.4800,330.5679,0.2051,27.9602,22.2731
8171.2000,330.5784,0.1528,27.4032,22.5144
8341.4600,330.7695,0.0511,27.4051,21.0316
8514.2400,331.1092,0.0909,31.1356,23.4131
8689.5600,331.2210,0.1624,30.6593,23.8914
8867.4100,332.6687,0.1387,29.3683,23.4833
9047.7900,333.6062,0.0891,32.0984,21.3086
9230.7000,333.6073,0.0837,31.5268,22.1501
9416.1400,338.0377,0.1121,34.7190,20.6540
9604.1100,338.6347,0.1175,35.7710,17.6899
9794.6200,338.6418,0.0831,34.8917,17.1068
9987.6600,339.1746,0.1129,35.7415,18.1178
10183.2300,342.6073,0.0843,33.7441,16.9909
10381.3300,343.5278,0.0653,33.3787,18.0408
10581.9600,343.5289,0.0602,34.2830,16.1246
10785.1300,347.2289,0.0894,34.3634,15.8514
10990.8200,347.2376,0.0484,34.6495,14.5692
11199.0500,348.6880,0.0319,33.5803,12.7421
11409.8100,348.6838,0.0517,31.7839,14.0704
11623.1000,348.6878,0.0329,31.2551,8.2754
11838.9200,348.6884,0.0300,32.6234,10.8578
12057.2800,349.2700,0.0200,35.3855,11.0513
12278.1600,350.6400,0.0200,32.2588,10.9560
12501.5800,352.2300,0.0200,35.0319,3.8683
12727.5300,356.7100,0.0400,30.5412,9.6278
12956.0100,359.7100,0.0700,29.1865,4.8000
13187.0300,361.2300,0.0500,24.7995,4.8804
13420.5700,362.7600,0.0400,22.9380,7.1648
13656.6500,364.3100,0.0300,18.3831,9.9952
13895.2500,367.3800,0.0200,15.6387,13.7561
14136.3900,371.6400,0.0200,18.2078,14.6128
14380.0600,375.7000,0.0200,16.6594,15.7190
14626.2700,379.7500,0.0100,16.1523,8.8459
14875.0000,383.8500,0.0100,16.7042,11.7255
15125.0000,387.5500,0.0100,13.2639,11.3995
15375.0000,391.1000,0.0100,13.5168,13.4765
15625.0000,394.6600,0.0000,16.3220,10.9387
15875.0000,398.2100,0.0000,11.6551,10.1536
16125.0000,402.9100,0.0000,11.1152,10.9077
16375.0000,407.7900,0.0000,13.8066,10.4389
16625.0000,412.6800,0.0000,15.6236,10.0548
16875.0000,417.5600,0.0000,13.6874,9.2966
17125.0000,422.5000,0.0000,11.6680,8.0844
17375.0000,427.5000,0.0000,10.7441,10.3374
17625.0000,432.5000,0.0000,10.9855,9.3451
17875.0000,437.5000,0.0000,10.2602,8.5114
18000.0000,437.5000,0.0000,11.0862,7.5171
