944.96, 304.98,  18.95
25.0000,304.9800,19.1079,-2.2300,9.0600
75.0000,305.1300,18.8234,-2.8700,11.4800
125.0000,305.2700,18.5779,-3.3700,13.4800
175.0000,305.3700,18.4485,-3.5500,14.4800
225.0000,305.4700,18.3390,-3.6900,15.4200
275.0000,305.5600,18.2391,-3.7500,16.2400
325.0000,305.6700,18.1499,-3.7600,17.0800
375.0000,305.7900,18.0517,-3.6700,17.9700
425.0000,305.9200,17.9539,-3.5100,18.8800
475.0000,306.0700,17.8376,-3.2300,19.8500
525.0000,306.2400,17.7123,-2.7231,20.6512
575.0000,306.4300,17.5781,-1.8349,23.9050
625.0000,306.6100,17.4631,-2.6845,23.7080
675.0000,306.7500,17.3861,-2.5473,20.5863
725.0000,306.8600,17.2888,-1.3232,22.0766
775.0000,306.9400,17.1322,-0.8545,23.4891
825.0000,307.0200,16.9465,-1.1830,26.5766
875.0000,307.0700,16.7017,0.1004,23.7902
925.0000,307.1219,16.4182,3.5806,22.4519
975.0000,307.2483,15.9971,2.1237,22.9815
1025.0000,308.4465,15.7166,5.4744,25.3228
1075.0000,308.1858,17.0657,3.7142,22.7306
1125.0000,309.6040,13.8579,3.7517,25.6219
1175.0000,309.3345,15.2568,3.1390,24.1040
1225.0000,310.1426,18.3533,5.0001,26.9549
1275.0000,310.6125,16.6749,4.5093,28.2704
1325.0000,310.8196,15.5894,7.4396,27.0546
1375.0000,310.8592,15.3726,3.9334,27.4605
1425.0000,311.4922,14.9961,8.7996,31.3353
1475.0000,311.3176,15.8899,5.4055,26.6063
1525.0000,311.7626,13.5718,7.5517,27.5028
1575.0000,311.9861,12.3997,9.2768,27.9714
1625.0000,311.8507,13.0960,12.7957,25.7681
1675.0000,312.7029,10.9632,13.1448,24.4951
1725.0000,313.4284,12.5562,13.4412,23.4063
1775.0000,313.8559,10.3251,13.3405,26.4869
1825.0000,314.2234,8.3988,15.6466,25.7561
1875.0000,313.9646,9.7446,17.3904,24.6590
1925.0000,314.2122,8.4457,14.6104,25.2265
1975.0000,314.2949,8.0079,16.1518,26.6947
2025.0000,314.2553,8.2097,17.3097,24.8929
2075.0000,314.6429,6.1753,17.7274,22.2599
2125.0000,314.2214,8.3764,15.5859,22.1951
2175.0000,314.5998,6.3931,15.8695,23.0217
2225.0000,314.4413,7.2184,17.7331,24.9860
2275.0000,314.8939,4.8436,17.1086,21.9416
2325.0000,314.4042,7.4038,18.7577,24.6092
2375.0000,314.9109,4.7483,22.0533,24.0311
2425.0000,316.1035,5.8595,18.4574,20.9327
2475.0000,316.0128,6.3289,21.3231,21.6637
2525.0000,316.3432,4.6013,21.7456,19.8501
2575.0000,316.2674,4.9945,19.2756,20.6111
2625.0000,316.1027,5.8503,20.1524,20.4666
2675.0000,316.1598,5.5501,21.8535,21.5781
2725.0000,316.5180,4.5982,20.4504,19.2619
2775.0000,316.5699,4.3250,19.7510,21.2814
2825.0000,316.5353,4.5033,21.1310,18.5420
2875.0000,316.6095,4.1140,23.6432,18.9736
2925.0000,316.5802,4.2648,20.6406,20.3976
2975.0000,316.5240,4.5555,20.8438,20.4601
3025.0000,316.6713,3.7863,20.7160,20.9378
3076.2700,316.6105,4.1010,23.3032,19.6578
3130.0600,316.6526,3.8803,21.7499,19.6927
3186.3900,316.8433,2.8850,23.7626,19.6821
3245.2500,316.8197,3.0066,20.7310,19.7487
3306.6500,316.9560,2.2947,22.1334,18.1163
3370.5700,317.6627,1.6879,22.3514,20.7435
3437.0300,317.5785,2.1255,24.1962,19.7728
3506.0100,318.0346,2.9203,19.2357,18.9021
3577.5300,318.0053,3.0708,24.8408,19.5161
3651.5800,318.0355,2.9126,22.4163,22.6787
3728.1600,318.0486,2.8431,23.1917,22.0863
3807.2800,318.3102,1.4854,20.7765,25.1190
3888.9200,317.9334,3.4355,16.9137,24.5631
3973.1000,318.9441,1.9753,21.6299,27.1715
4059.8100,319.1673,0.8192,18.1083,24.4059
4149.0500,321.0614,1.9696,17.9013,23.1817
4240.8200,321.0968,1.7865,19.1784,27.8876
4335.1300,320.9898,2.3343,17.8789,27.4431
4431.9600,320.9970,2.2961,18.2141,25.3292
4531.3300,321.0166,2.1945,19.7319,28.8281
4633.2300,321.1391,1.5655,20.8297,26.7558
4737.6600,321.2068,1.2176,18.2212,28.0011
4844.6200,321.1502,1.5069,17.0969,24.3614
4954.1100,321.1015,1.7556,15.4071,25.7461
5066.1400,321.0961,1.7822,16.9204,25.6338
5180.7000,321.0592,1.9701,19.2278,26.7337
5297.7800,321.1079,1.7204,16.5475,26.3761
5417.4100,321.1445,1.5326,18.3528,25.9106
5539.5600,321.7922,1.3619,19.0262,25.8376
5664.2400,322.1914,1.2613,19.7795,25.9426
5791.4600,322.2038,1.1975,18.3849,23.1518
5921.2000,322.2835,1.0340,19.8808,24.1271
6053.4800,324.6490,1.0179,17.2340,23.2435
6188.2900,324.6213,1.1577,21.0072,26.0618
6325.6300,324.6698,0.9120,17.3970,25.6970
6465.5100,324.6581,0.9710,21.1550,25.3743
6607.9100,324.6985,0.7666,21.1252,24.3162
6752.8500,324.9248,0.8491,19.2133,24.6017
6900.3200,325.4854,0.6591,22.6026,25.0483
7050.3200,326.4833,0.3366,21.8226,21.7206
7202.8500,327.9558,0.4825,22.3823,23.8149
7357.9100,327.9777,0.3728,22.4063,24.1554
7515.5100,327.9706,0.4082,23.8248,22.6776
7675.6300,328.9706,0.0971,26.0957,24.1885
7838.2900,328.9456,0.2218,26.7754,23.7879
8003.4800,328.9587,0.1565,27.0267,22.8427
8171.2000,330.1273,0.1736,28.6512,23.4589
8341.4600,330.1281,0.1695,26.4998,20.7685
8514.2400,332.4430,0.1830,29.3423,22.3775
8689.5600,332.4481,0.1579,29.5744,24.2986
8867.4100,332.4480,0.1581,30.9915,23.2025
9047.7900,332.8761,0.0951,30.7707,19.5009
9230.7000,336.2432,0.1505,30.5657,21.7475
9416.1400,336.4749,0.1004,32.0988,19.3924
9604.1100,338.2596,0.1297,37.0602,19.8304
9794.6200,338.2848,0.0862,34.3588,18.2804
9987.6600,342.5583,0.0539,34.8687,18.1148
10183.2300,342.5525,0.0813,35.8627,17.7803
10381.3300,342.5479,0.1036,36.0469,16.7539
10581.9600,345.7013,0.0654,33.7813,14.2208
10785.1300,346.5717,0.0784,34.5772,14.3363
10990.8200,348.3826,0.0633,32.2346,11.3195
11199.0500,348.3826,0.0630,33.0039,13.1714
11409.8100,348.4940,0.0197,31.5442,12.1528
11623.1000,351.2180,0.0562,33.2442,11.7301
11838.9200,351.2236,0.0300,32.0728,9.8082
12057.2800,351.2257,0.0200,32.2588,12.4545
12278.1600,351.2257,0.0200,34.6517,11.7595
12501.5800,352.2300,0.0200,34.9544,8.9589
12727.5300,356.7100,0.0400,33.3526,7.4795
12956.0100,359.7100,0.0700,28.1480,5.6122
13187.0300,361.2300,0.0500,23.3402,4.4417
13420.5700,362.7600,0.0400,20.0736,7.0100
13656.6500,364.3100,0.0300,16.0454,8.3206
13895.2500,367.3800,0.0200,16.9032,13.1583
14136.3900,371.6400,0.0200,16.4551,13.9178
14380.0600,375.7000,0.0200,15.1494,12.9705
14626.2700,379.7500,0.0100,15.7443,14.0848
14875.0000,383.8500,0.0100,18.4908,10.4562
15125.0000,387.5500,0.0100,17.4854,10.5324
15375.0000,391.1000,0.0100,12.3178,9.9670
15625.0000,394.6600,0.0100,9.8116,8.0796
15875.0000,398.2100,0.0100,10.5031,8.5460
16125.0000,402.9100,0.0100,11.2537,8.9583
16375.0000,407.7900,0.0100,11.0322,11.4838
16625.0000,412.6800,0.0100,12.2025,9.4741
16875.0000,417.5600,0.0100,7.9521,8.6297
17125.0000,422.5000,0.0100,9.6942,7.2111
17375.0000,427.5000,0.0100,10.7906,11.6600
17625.0000,432.5000,0.0100,12.6438,10.4682
17875.0000,437.5000,0.0100,10.7261,7.7794
18000.0000,437.5000,0.0100,8.3016,9.2156
