944.96, 304.98,  18.95
25.0000,304.9800,19.1079,-2.2300,9.0600
75.0000,305.1300,18.8234,-2.8700,11.4800
125.0000,305.2700,18.5779,-3.3700,13.4800
175.0000,305.3700,18.4485,-3.5500,14.4800
225.0000,305.4700,18.3390,-3.6900,15.4200
275.0000,305.5600,18.2391,-3.7500,16.2400
325.0000,305.6700,18.1499,-3.7600,17.0800
375.0000,305.7900,18.0517,-3.6700,17.9700
425.0000,305.9200,17.9539,-3.5100,18.8800
475.0000,306.0700,17.8376,-3.2300,19.8500
525.0000,306.2400,17.7123,-3.6914,20.7279
575.0000,306.4300,17.5781,-2.0908,21.8287
625.0000,306.6100,17.4631,-0.1879,23.2727
675.0000,306.7500,17.3861,-0.8296,24.9994
725.0000,306.8600,17.2888,1.0441,21.8480
775.0000,306.9400,17.1322,1.5725,25.1639
825.0000,307.0200,16.9465,0.7156,21.8080
875.0000,307.0700,16.7017,1.3608,25.0899
925.0000,307.1219,16.4182,0.2150,23.3515
975.0000,307.6480,13.6435,0.8536,25.0418
1025.0000,307.5382,14.2122,2.7326,22.6110
1075.0000,306.9618,16.3144,4.0728,24.2605
1125.0000,307.3030,15.4272,4.9803,26.8292
1175.0000,307.2791,15.5427,4.1218,26.3516
1225.0000,307.3178,15.4584,5.3970,25.8846
1275.0000,308.0207,13.4158,5.1778,25.9648
1325.0000,308.4544,13.3112,6.3263,26.3569
1375.0000,308.3177,14.0190,5.1607,27.8255
1425.0000,309.5881,15.6206,7.2692,28.5273
1475.0000,310.0604,13.1506,11.6682,28.8158
1525.0000,310.2719,12.0362,10.1961,28.3097
1575.0000,310.5006,12.3722,11.9001,26.0768
1625.0000,310.4497,12.6299,12.1348,26.6244
1675.0000,310.9369,10.0726,11.4342,26.2237
1725.0000,310.5415,12.8990,14.0114,25.8872
1775.0000,311.1652,9.6311,14.6098,28.0767
1825.0000,311.4988,7.8713,16.0650,25.2390
1875.0000,313.1337,8.8294,14.4065,24.8652
1925.0000,313.6527,6.0986,16.7252,25.6464
1975.0000,313.2986,7.9550,18.4574,26.6848
2025.0000,313.4598,7.1046,15.3052,25.9694
2075.0000,313.6300,6.2063,16.7767,22.6753
2125.0000,313.5961,6.3805,15.6791,23.9606
2175.0000,313.8139,5.2319,18.2322,21.0836
2225.0000,313.6902,5.8792,17.3591,23.1210
2275.0000,313.7663,5.4759,18.0910,22.5507
2325.0000,313.8356,5.1092,17.2328,23.5195
2375.0000,313.5413,6.6497,16.9774,20.7398
2425.0000,313.9315,4.5996,17.6943,20.9060
2475.0000,313.8985,4.7704,20.5470,20.6877
2525.0000,314.4740,5.6666,18.0974,21.4863
2575.0000,314.8105,3.9005,19.8654,20.9876
2625.0000,314.4446,5.8147,20.3237,19.1178
2675.0000,314.8442,3.7196,19.0016,20.9014
2725.0000,314.6907,4.5222,20.0880,20.4544
2775.0000,314.8651,3.6061,19.3054,19.5190
2825.0000,314.6629,4.6635,21.6354,20.3807
2875.0000,314.5742,5.1250,19.8785,18.5343
2925.0000,314.9724,3.0387,22.7412,20.6588
2975.0000,315.0406,2.6797,21.5390,17.7548
3025.0000,314.9760,3.0175,21.2112,20.8236
3076.2700,315.5033,3.5376,21.2446,21.5628
3130.0600,315.6453,2.7939,22.9636,18.5426
3186.3900,315.5342,3.3733,22.5276,18.5728
3245.2500,315.8525,1.7067,21.2863,21.0481
3306.6500,315.7505,2.2396,22.3219,17.9297
3370.5700,315.7216,2.3901,18.7501,19.1186
3437.0300,315.8010,1.9735,21.3776,21.1954
3506.0100,316.4098,1.3890,22.2813,21.5632
3577.5300,316.2480,2.2328,21.8697,19.9606
3651.5800,316.4422,1.2182,21.4838,22.9183
3728.1600,316.7646,2.8229,23.3680,22.4870
3807.2800,317.9397,1.6324,25.3936,24.9717
3888.9200,317.9686,1.4811,22.3530,26.1762
3973.1000,318.0093,1.9127,18.5500,25.2036
4059.8100,318.2127,2.0711,18.3002,24.3559
4149.0500,318.4491,0.8453,18.6214,24.9505
4240.8200,318.6352,2.2026,17.3664,24.2892
4335.1300,318.8351,1.2270,20.0132,24.7080
4431.9600,318.7678,1.5741,17.1780,26.9844
4531.3300,318.8100,1.3549,18.3584,28.5174
4633.2300,319.1253,2.1385,17.3406,26.2090
4737.6600,319.1773,1.8700,20.2308,29.1614
4844.6200,319.2282,1.6072,17.9356,26.5600
4954.1100,319.3271,1.0973,21.0466,26.0147
5066.1400,319.2593,1.4458,23.3662,26.4920
5180.7000,319.7146,1.1746,16.0184,28.9727
5297.7800,320.5018,1.3669,18.3216,27.8429
5417.4100,320.4387,1.6897,17.9013,27.4973
5539.5600,321.2652,0.8360,20.2533,26.5408
5664.2400,321.1296,1.5290,21.5885,27.1771
5791.4600,321.2154,1.0901,17.7356,25.5626
5921.2000,321.2285,1.0224,18.5735,26.7457
6053.4800,321.2873,0.7216,21.0758,24.6908
6188.2900,321.2104,1.1142,19.5938,23.6502
6325.6300,323.9703,0.7517,21.7845,26.5486
6465.5100,325.0508,0.7575,20.8100,25.7492
6607.9100,325.0596,0.7126,19.8407,25.0301
6752.8500,325.1686,0.1619,21.7034,24.9805
6900.3200,325.1656,0.1769,22.4430,26.4559
7050.3200,325.6895,0.5319,21.7059,22.5811
7202.8500,326.0925,0.3234,21.6793,22.1076
7357.9100,326.1170,0.2002,23.9288,24.7552
7515.5100,326.5300,0.3492,23.6549,23.6322
7675.6300,326.6548,0.2442,21.3909,21.7721
7838.2900,327.3690,0.1136,26.3963,24.5275
8003.4800,327.3710,0.1034,26.4171,21.6687
8171.2000,327.3667,0.1253,29.1318,25.1006
8341.4600,328.9670,0.1033,27.6450,21.0570
8514.2400,330.4974,0.1305,28.9655,24.5404
8689.5600,331.3197,0.0747,31.2730,21.7730
8867.4100,333.1806,0.0925,31.1481,22.1191
9047.7900,333.1747,0.1216,34.6830,21.7932
9230.7000,333.1817,0.0869,34.5137,22.5399
9416.1400,334.7206,0.0798,33.9559,18.7231
9604.1100,337.4159,0.1441,33.3464,19.6040
9794.6200,338.1387,0.0738,35.4813,18.4242
9987.6600,338.2710,0.0891,30.6948,17.0364
10183.2300,338.2799,0.0459,34.9410,16.7032
10381.3300,343.5984,0.0969,32.0240,20.6550
10581.9600,343.6002,0.0885,32.9731,15.7070
10785.1300,345.0810,0.0957,33.5921,14.9606
10990.8200,345.9115,0.0427,32.3414,14.8285
11199.0500,345.9132,0.0347,34.3373,12.5105
11409.8100,345.9109,0.0458,33.5616,14.0977
11623.1000,345.9128,0.0368,33.4467,11.1821
11838.9200,348.5900,0.0300,33.2917,10.7786
12057.2800,349.2700,0.0200,32.7429,10.5021
12278.1600,350.6400,0.0200,36.0141,10.7458
12501.5800,352.2300,0.0200,36.5724,8.6898
12727.5300,356.7100,0.0400,32.6293,2.8608
12956.0100,359.7100,0.0700,27.2817,8.9189
13187.0300,361.2300,0.0500,28.2822,5.7757
13420.5700,362.7600,0.0400,18.8719,10.5308
13656.6500,364.3100,0.0300,15.4432,8.4898
13895.2500,367.3800,0.0200,15.6950,11.4176
14136.3900,371.6400,0.0200,14.5678,16.6576
14380.0600,375.7000,0.0200,16.6830,16.9596
14626.2700,379.7500,0.0100,19.2497,14.3903
14875.0000,383.8500,0.0100,19.4064,10.4693
15125.0000,387.5500,0.0100,15.6918,11.8840
15375.0000,391.1000,0.0100,13.2505,7.7665
15625.0000,394.6600,0.0100,10.7996,9.3291
15875.0000,398.2100,0.0100,9.6517,10.2476
16125.0000,402.9100,0.0100,11.6096,8.0681
16375.0000,407.7900,0.0100,14.7023,7.0440
16625.0000,412.6800,0.0100,13.2319,6.0829
16875.0000,417.5600,0.0100,11.3371,9.1359
17125.0000,422.5000,0.0100,10.3223,8.3133
17375.0000,427.5000,0.0100,12.0328,11.7964
17625.0000,432.5000,0.0100,12.1735,8.5119
17875.0000,437.5000,0.0100,12.2038,8.6840
18000.0000,437.5000,0.0100,12.1974,9.0275
