944.96, 304.98,  18.95
25.0000,304.9800,18.9500,-2.2300,9.0600
75.0000,305.1300,18.6700,-2.8700,11.4800
125.0000,305.2700,18.4300,-3.3700,13.4800
175.0000,305.3700,18.3100,-3.5500,14.4800
225.0000,305.4700,18.2100,-3.6900,15.4200
275.0000,305.5600,18.1200,-3.7500,16.2400
325.0000,305.6700,18.0400,-3.7600,17.0800
375.0000,305.7900,17.9500,-3.6700,17.9700
425.0000,305.9200,17.8600,-3.5100,18.8800
475.0000,306.0700,17.7500,-3.2300,19.8500
525.0000,306.2400,17.6300,-1.7430,22.8660
575.0000,306.4300,17.5000,-0.5893,20.8052
625.0000,306.6100,17.3900,-2.4398,24.8297
675.0000,306.7500,17.3200,-2.2469,22.9969
725.0000,306.8600,17.2300,-0.5441,23.9005
775.0000,306.9400,17.0800,-0.1880,20.9003
825.0000,307.0200,16.9000,0.9617,22.9568
875.0000,307.0700,16.6600,0.3291,25.9335
925.0000,307.1219,16.3800,2.3537,25.9229
975.0000,307.5389,14.1351,4.3545,22.7270
1025.0000,308.1071,12.7583,3.3798,23.7542
1075.0000,307.7506,14.6721,1.7149,24.1607
1125.0000,307.8707,14.0266,0.2327,26.3893
1175.0000,307.9381,13.6734,3.6445,26.8604
1225.0000,308.8017,13.1465,6.0564,25.4837
1275.0000,308.7385,13.4851,4.5705,28.2206
1325.0000,310.7733,14.2515,6.6977,27.4419
1375.0000,311.2192,11.8824,5.3357,29.5798
1425.0000,310.9156,13.4945,8.3360,27.0969
1475.0000,310.9659,13.2273,6.8480,24.9970
1525.0000,311.8552,13.7702,10.7690,27.1254
1575.0000,312.0270,12.8598,9.8030,26.3242
1625.0000,312.6808,9.4050,10.6347,27.9651
1675.0000,312.4356,10.6990,12.2066,30.1093
1725.0000,312.5238,10.2334,13.5565,28.4203
1775.0000,312.7876,8.8425,13.7971,25.7208
1825.0000,312.8533,8.4961,16.6504,27.8636
1875.0000,313.0353,7.5380,14.2485,23.7137
1925.0000,313.0619,7.3980,14.8214,25.4453
1975.0000,313.0255,7.5894,16.5642,25.6755
2025.0000,313.7403,5.5449,16.1045,23.2444
2075.0000,313.5038,6.7860,15.6829,24.3500
2125.0000,313.4231,7.2099,19.3639,23.6808
2175.0000,313.9370,4.5143,19.6543,20.7997
2225.0000,313.6924,5.7960,18.8582,20.7618
2275.0000,313.5702,6.4370,15.9278,23.4316
2325.0000,313.9003,4.7065,18.7736,21.6329
2375.0000,313.7551,5.4674,19.5578,21.4089
2425.0000,314.1207,3.5532,18.7097,22.4478
2475.0000,315.3155,3.8935,18.5508,21.4425
2525.0000,314.9711,5.6902,21.2028,18.8287
2575.0000,315.4018,5.0724,23.7377,21.6067
2625.0000,315.6085,3.9954,21.0614,22.0274
2675.0000,315.5335,4.3861,19.5307,21.2514
2725.0000,315.5332,4.3874,21.5253,20.3411
2775.0000,315.5678,4.2074,18.6011,19.2425
2825.0000,315.5075,4.5214,22.3623,18.0172
2875.0000,315.8825,2.5697,21.8525,22.3682
2925.0000,315.9018,2.4698,23.0431,21.2620
2975.0000,315.7848,3.0778,20.3003,20.8550
3025.0000,315.8138,2.9270,20.1168,19.2426
3076.2700,315.8785,2.5909,22.4753,20.9783
3130.0600,316.5364,3.1453,23.2628,18.2201
3186.3900,316.5909,2.8624,20.8634,20.7047
3245.2500,316.6088,2.7699,23.1856,19.9535
3306.6500,316.8629,1.4531,21.8669,20.6444
3370.5700,316.7260,2.1619,23.3555,19.6901
3437.0300,316.7294,2.1447,21.6438,19.0755
3506.0100,316.6796,2.5830,23.4138,21.8253
3577.5300,316.7883,2.7728,21.2151,22.8009
3651.5800,316.8637,2.3817,20.8329,19.6535
3728.1600,316.7795,2.8184,24.4530,22.2062
3807.2800,317.0497,1.4187,23.0983,25.6596
3888.9200,318.4739,1.7233,21.6500,26.6173
3973.1000,318.4913,1.6339,19.0121,26.6583
4059.8100,318.4233,2.0615,20.5270,26.4141
4149.0500,319.3483,1.3174,21.2012,27.5149
4240.8200,319.4045,1.0291,20.1027,24.6738
4335.1300,319.1942,2.1095,20.5709,28.1760
4431.9600,319.3047,1.5413,21.3629,25.6707
4531.3300,321.0747,1.3893,18.8524,24.6959
4633.2300,320.9326,2.1154,19.8060,28.0472
4737.6600,321.2540,1.3523,19.1962,26.6433
4844.6200,321.2658,1.2920,21.1573,26.1959
4954.1100,321.1815,1.7229,18.2464,26.2229
5066.1400,321.6654,2.2613,17.0124,27.1830
5180.7000,321.7950,1.6001,19.0571,26.9326
5297.7800,321.8004,1.5723,21.4073,26.6488
5417.4100,321.8447,1.3468,16.9295,27.2124
5539.5600,321.8216,1.4642,22.0473,27.5460
5664.2400,321.9222,0.9514,18.5846,25.5998
5791.4600,321.8946,1.0921,19.4561,24.4446
5921.2000,323.1940,1.2212,19.2698,26.9082
6053.4800,323.1652,1.3673,20.2986,25.5146
6188.2900,323.2544,0.9144,17.8681,24.8420
6325.6300,323.2582,0.8951,20.7811,29.3282
6465.5100,323.7664,0.8096,21.1287,22.4790
6607.9100,324.6341,0.5046,20.6279,27.6558
6752.8500,325.1137,0.5621,22.0636,24.1429
6900.3200,325.1201,0.5298,19.8569,23.3856
7050.3200,325.6962,0.3609,20.4728,22.2055
7202.8500,326.3189,0.2931,20.4584,23.3677
7357.9100,326.7583,0.3344,26.4143,24.1999
7515.5100,327.4291,0.2646,24.7035,23.9303
7675.6300,327.4344,0.2381,26.9270,21.4583
7838.2900,328.6636,0.2398,25.7634,22.5756
8003.4800,329.0064,-0.0127,26.7827,21.8205
8171.2000,330.2778,0.1290,28.1524,21.3497
8341.4600,330.2896,0.0705,28.4529,20.7818
8514.2400,330.2791,0.1227,33.0098,23.8998
8689.5600,331.3997,0.0879,32.2901,21.9545
8867.4100,332.5858,0.0386,32.4702,21.4459
9047.7900,332.5730,0.1018,30.7816,22.1545
9230.7000,335.9154,0.1120,32.0225,23.3523
9416.1400,338.0113,0.1120,32.6667,20.7189
9604.1100,339.7681,0.0613,34.5731,19.6525
9794.6200,339.7736,0.0345,37.0482,17.4851
9987.6600,339.7599,0.1005,33.1609,17.7109
10183.2300,342.2906,0.1145,32.2134,14.6073
10381.3300,342.3002,0.0686,33.6919,15.4809
10581.9600,343.9130,0.0900,31.8544,16.0515
10785.1300,346.8119,0.0435,33.7356,13.7181
10990.8200,346.8115,0.0457,33.1633,14.1098
11199.0500,347.6126,0.0546,33.2138,12.0022
11409.8100,348.0674,0.0486,31.6315,11.9859
11623.1000,349.6722,0.0458,34.3819,11.8301
11838.9200,349.6756,0.0300,31.3862,11.7738
12057.2800,349.6777,0.0200,31.4316,9.0238
12278.1600,350.6400,0.0200,33.8146,10.0439
12501.5800,352.2300,0.0200,35.3207,10.1124
12727.5300,356.7100,0.0400,30.9197,6.7978
12956.0100,359.7100,0.0700,28.1118,5.7170
13187.0300,361.2300,0.0500,22.3321,6.6820
13420.5700,362.7600,0.0400,16.4413,6.7959
13656.6500,364.3100,0.0300,15.7168,10.7900
13895.2500,367.3800,0.0200,17.8595,12.4790
14136.3900,371.6400,0.0200,14.6618,14.4391
14380.0600,375.7000,0.0200,15.4717,14.1015
14626.2700,379.7500,0.0100,15.2537,13.9466
14875.0000,383.8500,0.0100,17.0951,13.0489
15125.0000,387.5500,0.0100,12.5369,13.8984
15375.0000,391.1000,0.0100,13.3072,10.0274
15625.0000,394.6600,0.0000,13.1880,8.4010
15875.0000,398.2100,0.0000,11.8413,10.1044
16125.0000,402.9100,0.0000,13.0128,9.4758
16375.0000,407.7900,0.0000,12.2893,10.1081
16625.0000,412.6800,0.0000,11.8637,7.6407
16875.0000,417.5600,0.0000,8.2814,8.1035
17125.0000,422.5000,0.0000,8.1694,8.4250
17375.0000,427.5000,0.0000,11.0176,10.5834
17625.0000,432.5000,0.0000,13.4772,8.6705
17875.0000,437.5000,0.0000,12.0551,7.8235
18000.0000,437.5000,0.0000,11.8331,8.5610
