944.96, 304.98,  18.95
25.0000,304.9800,19.1079,-2.2300,9.0600
75.0000,305.1300,18.8234,-2.8700,11.4800
125.0000,305.2700,18.5779,-3.3700,13.4800
175.0000,305.3700,18.4485,-3.5500,14.4800
225.0000,305.4700,18.3390,-3.6900,15.4200
275.0000,305.5600,18.2391,-3.7500,16.2400
325.0000,305.6700,18.1499,-3.7600,17.0800
375.0000,305.7900,18.0517,-3.6700,17.9700
425.0000,305.9200,17.9539,-3.5100,18.8800
475.0000,306.0700,17.8376,-3.2300,19.8500
525.0000,306.2400,17.7123,-2.6044,21.7845
575.0000,306.4300,17.5781,-1.8742,23.9759
625.0000,306.6100,17.4631,-0.2330,22.1240
675.0000,306.7500,17.3861,-3.3919,21.4493
725.0000,306.8600,17.2888,1.1128,27.0053
775.0000,306.9400,17.1322,1.5267,21.4092
825.0000,307.0200,16.9465,-0.1162,26.3376
875.0000,307.0700,16.7017,1.7521,24.3010
925.0000,307.1219,16.4182,3.5117,25.5758
975.0000,308.0449,18.1907,-0.6045,22.8922
1025.0000,308.4590,16.0208,1.7320,24.8375
1075.0000,308.3088,16.7926,2.7144,23.2001
1125.0000,308.6329,15.0898,1.7521,25.4829
1175.0000,308.7629,14.3988,2.5413,26.8154
1225.0000,309.0876,13.6304,6.1780,29.1570
1275.0000,308.5943,16.1974,4.8120,27.6344
1325.0000,308.5331,15.8281,3.4429,27.2526
1375.0000,308.9070,14.9390,5.2709,25.9039
1425.0000,309.1327,13.7512,7.0522,27.1848
1475.0000,311.1387,12.6749,8.3563,25.9011
1525.0000,311.2125,15.9357,8.1446,24.8277
1575.0000,311.7778,12.9940,10.5615,25.7547
1625.0000,311.9877,11.8919,12.5853,26.9055
1675.0000,312.1033,11.2808,12.8998,26.5586
1725.0000,312.2022,10.7568,14.4633,26.3885
1775.0000,312.3275,11.1417,12.7708,27.4119
1825.0000,312.7525,8.9135,13.6529,27.3726
1875.0000,312.9400,7.9246,14.4379,25.8194
1925.0000,312.6189,9.6013,13.7960,25.2917
1975.0000,313.0174,7.5082,15.7813,25.4799
2025.0000,313.1751,7.0340,14.4663,23.2226
2075.0000,313.9331,7.4477,16.0448,24.0200
2125.0000,314.6276,7.8866,18.8241,23.9903
2175.0000,315.0248,5.8039,19.6659,22.4009
2225.0000,314.9122,6.3900,17.6640,23.2037
2275.0000,314.7768,7.0943,19.1978,22.9654
2325.0000,314.8575,6.6686,18.7971,20.5555
2375.0000,314.8109,6.9078,17.7809,21.0297
2425.0000,315.2011,4.8640,17.4564,19.8491
2475.0000,315.2179,4.7733,21.8018,19.9585
2525.0000,317.1970,8.4626,21.4422,19.6156
2575.0000,317.8976,4.8260,22.2776,19.9488
2625.0000,317.7449,5.6172,22.3273,21.7362
2675.0000,317.7307,5.6875,20.7294,20.7412
2725.0000,318.1023,3.7521,22.1875,17.9840
2775.0000,317.9556,4.5133,21.9388,19.8402
2825.0000,318.3611,2.3982,23.5145,21.4176
2875.0000,317.9398,4.5904,22.2198,19.5150
2925.0000,317.9886,4.3344,18.7132,19.6513
2975.0000,317.8596,5.0014,19.6516,16.5798
3025.0000,318.1353,3.5681,22.7642,21.1394
3076.2700,318.0650,3.9316,22.5897,21.2889
3130.0600,318.3303,2.5506,24.2685,18.6761
3186.3900,318.0434,4.0395,21.0994,19.1956
3245.2500,318.4909,1.7120,22.5528,19.9325
3306.6500,318.1140,3.6692,22.7825,17.6913
3370.5700,318.0499,3.9990,26.4526,18.0990
3437.0300,318.1478,3.4899,25.5874,19.0473
3506.0100,318.3418,2.4825,24.1240,19.7594
3577.5300,318.3482,2.4482,22.5459,23.3279
3651.5800,318.1461,3.4929,23.0221,21.0430
3728.1600,318.3113,2.6363,22.5865,21.9700
3807.2800,318.5739,1.2734,20.6690,24.6897
3888.9200,319.7449,2.8943,20.0305,25.7202
3973.1000,319.8485,2.3587,23.1234,23.8353
4059.8100,320.0679,1.2256,19.0864,24.8699
4149.0500,319.9470,1.8486,20.6596,26.4613
4240.8200,319.8867,2.1581,18.9707,27.3675
4335.1300,319.9773,1.6905,18.2671,26.3022
4431.9600,319.8207,2.4952,19.5351,26.4457
4531.3300,321.3670,1.7328,22.0421,26.5156
4633.2300,321.3231,1.9567,22.7637,26.9960
4737.6600,321.3217,1.9629,18.0316,23.9564
4844.6200,321.3624,1.7533,18.7773,25.0600
4954.1100,321.3829,1.6478,19.1737,27.5268
5066.1400,321.2768,2.1892,19.6951,25.6325
5180.7000,321.4200,1.4562,19.1749,22.6467
5297.7800,321.3863,1.6276,19.5333,27.5715
5417.4100,321.4546,1.2784,18.1631,25.1204
5539.5600,321.3554,1.7843,18.0624,27.8002
5664.2400,321.4074,1.5180,21.8713,24.5833
5791.4600,322.8226,1.5543,19.0719,24.5764
5921.2000,322.8266,1.5335,15.9980,25.1161
6053.4800,322.9235,1.0405,19.3192,26.6654
6188.2900,322.9212,1.0519,17.0812,21.4221
6325.6300,322.9960,1.1399,21.8704,24.0040
6465.5100,323.2996,0.8624,19.8142,23.4903
6607.9100,323.3221,0.7477,20.2636,26.6301
6752.8500,323.5675,0.6883,22.4977,23.2189
6900.3200,325.8682,0.5273,21.4504,22.8101
7050.3200,326.7226,0.5027,21.7773,23.2299
7202.8500,326.9221,0.2849,23.1439,23.7460
7357.9100,326.8850,0.4711,22.1224,22.9624
7515.5100,328.8814,0.4003,20.3807,23.0576
7675.6300,328.9233,0.1913,25.5515,24.3933
7838.2900,329.7189,0.2984,26.3089,26.5821
8003.4800,329.7620,0.2381,28.4478,22.9202
8171.2000,329.7680,0.2082,27.4590,20.4372
8341.4600,329.7660,0.2183,26.3810,20.6798
8514.2400,330.4729,0.1645,31.0793,22.8247
8689.5600,332.5521,0.0946,28.5437,21.1028
8867.4100,332.5454,0.1279,29.9884,20.8126
9047.7900,332.5419,0.1447,29.3255,23.2474
9230.7000,332.5423,0.1431,33.3412,21.0431
9416.1400,337.4323,0.1573,35.2269,20.1194
9604.1100,339.4513,0.1045,29.8121,18.7951
9794.6200,339.4527,0.0977,33.3752,19.0003
9987.6600,340.6047,0.0552,36.0505,17.0662
10183.2300,341.5696,0.1218,36.0250,16.2065
10381.3300,343.1837,0.0331,30.8964,18.7044
10581.9600,346.5654,0.1256,34.4675,16.2589
10785.1300,346.5779,0.0666,33.2965,17.5131
10990.8200,348.1898,0.0821,32.4039,13.1122
11199.0500,348.1990,0.0387,36.2432,14.6840
11409.8100,348.1936,0.0641,33.8567,10.9048
11623.1000,350.5808,0.0323,31.8307,9.0180
11838.9200,350.5813,0.0300,35.1942,11.1483
12057.2800,350.5835,0.0200,29.9428,11.7149
12278.1600,350.6400,0.0200,32.4026,9.8038
12501.5800,352.2300,0.0200,33.9015,8.7094
12727.5300,356.7100,0.0400,30.0785,8.4643
12956.0100,359.7100,0.0700,27.3813,7.6874
13187.0300,361.2300,0.0500,21.5427,7.6149
13420.5700,362.7600,0.0400,23.7449,9.4320
13656.6500,364.3100,0.0300,18.7686,7.9360
13895.2500,367.3800,0.0200,16.7091,10.7673
14136.3900,371.6400,0.0200,14.0267,13.7715
14380.0600,375.7000,0.0200,15.6241,12.2937
14626.2700,379.7500,0.0100,16.1058,13.9550
14875.0000,383.8500,0.0100,15.4335,12.7154
15125.0000,387.5500,0.0100,14.7774,13.0292
15375.0000,391.1000,0.0100,16.1507,9.5628
15625.0000,394.6600,0.0100,14.5555,10.2330
15875.0000,398.2100,0.0100,10.1274,5.6987
16125.0000,402.9100,0.0100,13.1030,6.8927
16375.0000,407.7900,0.0100,10.6894,9.3564
16625.0000,412.6800,0.0100,11.9274,10.5775
16875.0000,417.5600,0.0100,13.9459,11.6912
17125.0000,422.5000,0.0100,12.8026,9.9655
17375.0000,427.5000,0.0100,13.8940,12.8204
17625.0000,432.5000,0.0100,11.6716,10.1652
17875.0000,437.5000,0.0100,11.6125,8.3095
18000.0000,437.5000,0.0100,11.3792,9.1348
