944.96, 304.98,  18.95
25.0000,304.9800,19.1079,-2.2300,9.0600
75.0000,305.1300,18.8234,-2.8700,11.4800
125.0000,305.2700,18.5779,-3.3700,13.4800
175.0000,305.3700,18.4485,-3.5500,14.4800
225.0000,305.4700,18.3390,-3.6900,15.4200
275.0000,305.5600,18.2391,-3.7500,16.2400
325.0000,305.6700,18.1499,-3.7600,17.0800
375.0000,305.7900,18.0517,-3.6700,17.9700
425.0000,305.9200,17.9539,-3.5100,18.8800
475.0000,306.0700,17.8376,-3.2300,19.8500
525.0000,306.2400,17.7123,-3.6547,21.1754
575.0000,306.4300,17.5781,-3.3266,21.7500
625.0000,306.6100,17.4631,-2.5279,22.2527
675.0000,306.7500,17.3861,-0.8310,23.2935
725.0000,306.8600,17.2888,0.2786,26.1056
775.0000,306.9400,17.1322,-1.9149,26.1138
825.0000,307.0200,16.9465,0.6716,26.6464
875.0000,307.0700,16.7017,2.7195,22.9046
925.0000,307.1219,16.4182,0.4969,24.3173
975.0000,307.5169,14.3342,1.9951,24.8738
1025.0000,306.9414,16.7077,5.0117,25.5452
1075.0000,307.4047,15.1145,2.7256,25.2506
1125.0000,307.1571,16.1005,3.4718,25.6470
1175.0000,307.4766,14.7185,2.9286,25.2553
1225.0000,307.1962,15.3437,4.1550,27.1437
1275.0000,307.9163,12.4077,4.3863,28.0176
1325.0000,307.6514,13.7923,5.3165,25.5642
1375.0000,308.2339,15.1513,5.2630,27.5956
1425.0000,309.4110,13.4155,6.7703,23.0461
1475.0000,309.2253,14.3767,8.2992,26.4601
1525.0000,309.3499,13.7181,11.9243,26.2128
1575.0000,309.8272,11.2119,10.2627,24.9450
1625.0000,311.1131,10.6122,14.7360,28.3635
1675.0000,311.3137,9.5531,10.7811,25.7930
1725.0000,311.5626,8.2376,12.6754,28.9891
1775.0000,311.5745,8.1698,13.9766,24.6886
1825.0000,311.4037,9.0629,14.9575,26.3572
1875.0000,311.5674,8.1974,18.5386,26.0450
1925.0000,311.5147,8.4697,13.6438,25.3596
1975.0000,312.3092,5.7333,15.7126,25.1776
2025.0000,312.7173,8.8234,16.6519,23.9353
2075.0000,313.3590,5.4491,14.6646,25.1934
2125.0000,313.4186,5.8114,16.1053,25.0506
2175.0000,313.2436,6.7280,19.8408,21.6224
2225.0000,313.5670,5.0239,18.7597,23.1524
2275.0000,313.6744,4.4555,17.6980,21.5700
2325.0000,313.3982,5.9055,15.5250,21.4408
2375.0000,313.4930,5.4046,19.6932,22.2312
2425.0000,313.3500,6.1525,15.8080,23.1623
2475.0000,313.6564,4.5404,20.3552,20.7688
2525.0000,313.7015,4.3010,19.9058,22.5607
2575.0000,313.6665,4.4830,18.6478,21.0106
2625.0000,313.6482,4.5769,21.6793,22.4488
2675.0000,313.7645,3.9638,22.6294,19.9003
2725.0000,313.8854,3.3263,21.3814,22.9369
2775.0000,314.0354,2.5348,21.8887,21.6155
2825.0000,314.0158,4.8914,20.3168,20.2185
2875.0000,314.2232,3.8026,22.3745,19.2159
2925.0000,314.2817,3.4940,17.3874,18.6791
2975.0000,314.4046,2.8472,23.1040,20.5968
3025.0000,314.2680,3.5629,22.6009,21.4479
3076.2700,315.3136,1.5768,23.7621,21.7825
3130.0600,314.8300,4.1093,24.4656,16.3006
3186.3900,315.2196,2.0687,25.4328,21.9518
3245.2500,315.0940,2.7254,23.2686,19.4771
3306.6500,315.2309,2.0073,24.1954,20.7652
3370.5700,315.5958,2.9612,23.4265,19.4026
3437.0300,315.7356,2.2295,24.2524,20.2669
3506.0100,316.0178,0.7519,22.2820,20.9822
3577.5300,315.7069,2.3776,23.0731,23.6257
3651.5800,316.0218,2.3658,23.3947,19.4509
3728.1600,316.2323,1.2660,24.1856,19.7946
3807.2800,316.7433,2.7010,18.2289,21.4458
3888.9200,318.9667,1.5232,21.1663,25.1636
3973.1000,319.5397,1.5273,16.7913,25.4543
4059.8100,319.4834,1.8173,20.3671,24.6060
4149.0500,319.5135,1.6608,19.3923,26.3016
4240.8200,319.5412,1.5172,20.1351,27.0755
4335.1300,319.4682,1.8926,16.0987,24.1374
4431.9600,319.6026,2.0871,18.2386,24.8293
4531.3300,319.6154,2.0198,21.1285,26.2940
4633.2300,319.6144,2.0242,17.2745,28.0485
4737.6600,321.4342,2.4059,18.1179,26.5039
4844.6200,321.6178,1.4660,18.5965,28.1970
4954.1100,321.6801,1.1466,20.9190,22.7731
5066.1400,321.5878,1.6178,20.3272,27.1579
5180.7000,321.6026,1.5414,19.1166,27.1099
5297.7800,321.6072,1.5171,17.3608,27.0966
5417.4100,321.5781,1.6654,17.9567,24.0479
5539.5600,321.5994,1.5556,15.6844,26.6417
5664.2400,321.6761,1.1636,14.6213,29.0261
5791.4600,321.6329,1.3837,18.0123,26.8952
5921.2000,321.7148,0.9652,17.8391,25.7505
6053.4800,321.6762,1.1619,19.0839,27.2208
6188.2900,321.6811,1.1364,20.8327,25.9064
6325.6300,321.7441,0.8151,19.7457,27.2206
6465.5100,321.7691,0.6875,17.5863,25.0545
6607.9100,324.1808,0.8627,21.7766,23.9032
6752.8500,324.2244,0.6417,20.5935,23.7072
6900.3200,324.2884,0.3176,20.2509,22.8239
7050.3200,324.5506,0.4876,22.7286,25.3494
7202.8500,326.4644,0.2589,23.8320,22.7935
7357.9100,326.4733,0.2142,26.5091,26.9220
7515.5100,326.4447,0.3581,24.6355,24.0532
7675.6300,327.9953,0.1993,26.6384,23.6275
7838.2900,327.9927,0.2125,24.7593,25.8812
8003.4800,328.8720,0.1914,25.1199,25.6058
8171.2000,328.8900,0.1013,28.4424,22.9014
8341.4600,329.5185,0.1341,28.6795,25.2371
8514.2400,329.6974,0.1616,27.9925,20.4163
8689.5600,329.7086,0.1059,30.4290,25.6133
8867.4100,332.6585,0.1104,34.8808,24.2682
9047.7900,332.6517,0.1439,30.5216,21.1780
9230.7000,334.9912,0.1024,32.9917,23.1450
9416.1400,334.9839,0.1378,33.0709,21.7668
9604.1100,335.4611,0.0759,33.8691,19.9989
9794.6200,338.3200,0.0703,34.7963,16.9361
9987.6600,338.3156,0.0917,34.0639,18.7721
10183.2300,339.9121,0.0922,35.0331,19.5915
10381.3300,341.9870,0.0585,35.2524,15.3621
10581.9600,345.7048,0.0716,34.1548,16.9086
10785.1300,346.4687,0.0866,31.5558,18.7734
10990.8200,346.4769,0.0477,35.0684,13.9717
11199.0500,346.4772,0.0465,29.9934,12.1920
11409.8100,346.4767,0.0489,34.6923,10.8845
11623.1000,348.8267,0.0366,35.3706,10.7458
11838.9200,348.8281,0.0300,34.5585,11.0664
12057.2800,349.2700,0.0200,32.9912,10.4270
12278.1600,350.6400,0.0200,35.8139,11.8693
12501.5800,352.2300,0.0200,35.7236,9.5079
12727.5300,356.7100,0.0400,30.3123,9.7497
12956.0100,359.7100,0.0700,30.0248,6.2884
13187.0300,361.2300,0.0500,24.7504,7.3376
13420.5700,362.7600,0.0400,22.1165,8.2160
13656.6500,364.3100,0.0300,18.6813,9.0789
13895.2500,367.3800,0.0200,16.3106,12.2600
14136.3900,371.6400,0.0200,15.5332,12.7084
14380.0600,375.7000,0.0200,15.7552,13.3062
14626.2700,379.7500,0.0100,13.9706,14.5506
14875.0000,383.8500,0.0100,17.8027,13.2508
15125.0000,387.5500,0.0100,16.7236,12.1971
15375.0000,391.1000,0.0100,14.4948,10.4577
15625.0000,394.6600,0.0100,10.4968,8.9582
15875.0000,398.2100,0.0100,9.9702,11.2296
16125.0000,402.9100,0.0100,11.8935,10.1350
16375.0000,407.7900,0.0100,13.1982,6.5528
16625.0000,412.6800,0.0100,11.8028,9.3220
16875.0000,417.5600,0.0100,10.4339,9.5149
17125.0000,422.5000,0.0100,11.3349,10.0631
17375.0000,427.5000,0.0100,8.8757,9.0069
17625.0000,432.5000,0.0100,11.9707,7.0251
17875.0000,437.5000,0.0100,13.3068,8.3134
18000.0000,437.5000,0.0100,10.7189,9.9966
