944.96, 304.98,  18.95
25.0000,304.9800,18.9500,-2.2300,9.0600
75.0000,305.1300,18.6700,-2.8700,11.4800
125.0000,305.2700,18.4300,-3.3700,13.4800
175.0000,305.3700,18.3100,-3.5500,14.4800
225.0000,305.4700,18.2100,-3.6900,15.4200
275.0000,305.5600,18.1200,-3.7500,16.2400
325.0000,305.6700,18.0400,-3.7600,17.0800
375.0000,305.7900,17.9500,-3.6700,17.9700
425.0000,305.9200,17.8600,-3.5100,18.8800
475.0000,306.0700,17.7500,-3.2300,19.8500
525.0000,306.2400,17.6300,-1.0546,21.3332
575.0000,306.4300,17.5000,-2.5910,20.7591
625.0000,306.6100,17.3900,-0.5566,22.0541
675.0000,306.7500,17.3200,1.1204,22.7581
725.0000,306.8600,17.2300,1.7640,20.8839
775.0000,306.9400,17.0800,0.1751,24.7523
825.0000,307.0200,16.9000,-1.6521,22.8148
875.0000,307.0700,16.6600,0.7278,25.8269
925.0000,307.1219,16.3800,5.9316,21.7762
975.0000,308.7617,16.4194,2.9826,24.3590
1025.0000,309.2468,13.8224,2.4517,26.7369
1075.0000,309.0410,14.9229,3.6990,24.0239
1125.0000,308.8140,16.5794,2.8736,24.0559
1175.0000,309.1965,14.5307,1.5492,25.6045
1225.0000,309.1943,14.5427,6.3377,29.4310
1275.0000,309.1522,14.7679,6.9293,27.4258
1325.0000,309.6884,11.9039,7.7896,27.9919
1375.0000,312.2528,13.7983,6.0078,24.9691
1425.0000,312.3309,13.3847,6.6004,26.5898
1475.0000,312.1163,14.5211,5.7069,30.3286
1525.0000,312.0994,14.6107,8.5771,29.2521
1575.0000,312.6717,11.5830,10.7131,25.5150
1625.0000,313.1209,9.2149,12.8530,27.9131
1675.0000,312.6782,11.5488,10.7660,27.4559
1725.0000,312.6678,11.6038,13.6624,26.0515
1775.0000,313.5470,6.9747,12.5651,26.6248
1825.0000,313.4521,7.4728,10.9899,25.8210
1875.0000,313.7929,5.6842,16.8704,27.0398
1925.0000,314.3791,5.1321,14.2333,27.2911
1975.0000,314.0727,8.1216,14.9807,25.2428
2025.0000,315.2670,6.5036,17.7548,25.6479
2075.0000,315.0952,7.4013,14.2359,23.8702
2125.0000,315.3148,6.2542,15.2700,24.9820
2175.0000,315.1215,7.2635,16.3620,25.1474
2225.0000,315.0890,7.4334,21.1526,25.4830
2275.0000,315.6862,4.3181,18.5136,23.2635
2325.0000,315.7187,4.1492,16.4095,21.6508
2375.0000,315.8646,3.3898,19.2087,22.7783
2425.0000,315.5876,4.8316,16.6463,23.4833
2475.0000,315.5425,5.0666,19.9492,21.6759
2525.0000,315.8361,3.5379,21.0663,20.5000
2575.0000,315.8024,3.7133,20.2130,20.0914
2625.0000,315.8714,3.3547,21.5054,21.5472
2675.0000,315.7662,3.9018,22.1089,18.8955
2725.0000,315.7259,4.1118,19.1568,20.9889
2775.0000,315.6282,4.6202,21.9773,21.8849
2825.0000,315.5242,5.1623,20.9559,19.5541
2875.0000,315.9985,2.6940,21.5494,20.1555
2925.0000,315.4609,5.4923,18.5379,20.8894
2975.0000,315.7274,4.1036,21.5608,18.1565
3025.0000,316.0210,2.5771,23.5014,21.0217
3076.2700,315.9626,2.8802,19.7933,19.7608
3130.0600,316.7944,1.9174,21.2038,18.3042
3186.3900,317.5462,2.9568,25.0437,20.3710
3245.2500,317.6935,2.1952,23.9028,19.1351
3306.6500,317.6620,2.3582,22.4626,19.9363
3370.5700,317.5727,2.8200,24.6603,20.3661
3437.0300,317.6310,2.5182,24.5639,18.8889
3506.0100,317.6403,2.4705,22.7913,18.9291
3577.5300,317.8248,1.5173,22.1502,22.7006
3651.5800,317.6128,2.6126,24.5696,21.8763
3728.1600,320.2032,2.3883,22.1685,20.2214
3807.2800,320.4829,0.9549,19.6104,21.4450
3888.9200,320.2440,2.1787,18.4759,27.2632
3973.1000,320.4906,0.9160,19.0635,26.5744
4059.8100,320.3659,1.5544,19.6291,28.1146
4149.0500,320.2857,1.9652,18.5205,26.3932
4240.8200,320.3892,1.4348,20.5195,29.5390
4335.1300,320.3797,1.4833,16.4690,26.2878
4431.9600,320.3694,1.5363,20.6431,25.9241
4531.3300,320.2017,2.3958,17.4186,24.6830
4633.2300,320.3924,1.4187,19.8640,26.6167
4737.6600,320.3642,1.5630,18.7332,27.9659
4844.6200,320.3764,1.5002,15.5715,24.6471
4954.1100,320.3949,1.4055,17.7226,25.6269
5066.1400,320.6019,1.1774,18.0153,25.6391
5180.7000,320.8147,1.4811,19.4030,26.4192
5297.7800,321.3315,1.0786,20.6084,28.9275
5417.4100,321.2788,1.3476,20.5982,25.9167
5539.5600,321.2674,1.4817,15.0211,24.3720
5664.2400,321.3268,1.8148,17.9023,25.4932
5791.4600,321.9769,0.8799,22.1458,24.2272
5921.2000,324.0693,0.7542,16.6424,26.6608
6053.4800,323.9308,1.4554,17.2922,25.3876
6188.2900,324.0139,1.0346,18.7544,26.4496
6325.6300,324.0650,0.7763,23.7187,25.1608
6465.5100,324.0806,0.6970,19.9589,23.2509
6607.9100,324.1484,0.3539,19.0597,22.8995
6752.8500,325.8401,0.4059,22.7075,25.3767
6900.3200,326.4398,0.2755,21.5844,26.1363
7050.3200,326.4009,0.4706,22.5944,27.1659
7202.8500,327.7891,0.3033,22.5628,22.5805
7357.9100,327.7636,0.4306,23.6344,26.8727
7515.5100,329.4537,0.2868,22.7958,24.6753
7675.6300,329.4911,0.1009,24.8139,23.7633
7838.2900,329.4370,0.3703,26.0209,22.2697
8003.4800,329.4959,0.0770,27.3256,20.7492
8171.2000,330.7894,0.1514,28.8690,21.8539
8341.4600,330.9176,0.1827,28.9023,23.4180
8514.2400,331.0614,0.0950,28.5235,24.5047
8689.5600,331.6804,0.1091,32.9081,23.6092
8867.4100,332.5054,0.0886,31.3509,22.2242
9047.7900,333.9822,0.0153,32.6962,26.4116
9230.7000,333.9768,0.0421,32.3333,20.9261
9416.1400,337.9203,0.1219,33.5824,21.2673
9604.1100,340.7842,0.0735,35.6384,20.9961
9794.6200,341.0647,0.0844,35.9091,19.4720
9987.6600,341.0698,0.0597,36.9507,21.0371
10183.2300,341.0644,0.0857,33.3972,18.9159
10381.3300,342.9733,0.0527,31.4527,16.2866
10581.9600,343.6606,0.0720,35.7531,16.7790
10785.1300,347.4566,0.0821,34.4388,13.6326
10990.8200,347.6032,0.0230,35.2771,11.4525
11199.0500,349.0735,0.0633,34.1925,10.5621
11409.8100,349.0751,0.0557,33.6921,13.3220
11623.1000,349.3755,0.0428,32.4093,9.6528
11838.9200,349.3782,0.0300,34.0244,11.4865
12057.2800,349.3804,0.0200,34.0841,10.2390
12278.1600,350.6400,0.0200,33.2720,10.8020
12501.5800,352.2300,0.0200,33.5979,9.4251
12727.5300,356.7100,0.0400,33.4845,6.8753
12956.0100,359.7100,0.0700,29.3767,4.8656
13187.0300,361.2300,0.0500,25.7659,8.0782
13420.5700,362.7600,0.0400,18.6878,7.7336
13656.6500,364.3100,0.0300,18.0072,8.1184
13895.2500,367.3800,0.0200,16.5615,10.9861
14136.3900,371.6400,0.0200,14.5445,13.8517
14380.0600,375.7000,0.0200,16.4519,16.6606
14626.2700,379.7500,0.0100,16.9886,14.3217
14875.0000,383.8500,0.0100,15.8393,10.5334
15125.0000,387.5500,0.0100,15.9669,14.4919
15375.0000,391.1000,0.0100,11.9262,10.1484
15625.0000,394.6600,0.0000,12.9210,11.2615
15875.0000,398.2100,0.0000,9.9286,5.9650
16125.0000,402.9100,0.0000,14.8347,9.1088
16375.0000,407.7900,0.0000,12.8821,8.5555
16625.0000,412.6800,0.0000,12.1030,7.1253
16875.0000,417.5600,0.0000,11.8998,9.9546
17125.0000,422.5000,0.0000,13.1340,7.1162
17375.0000,427.5000,0.0000,10.1883,8.0324
17625.0000,432.5000,0.0000,11.2668,11.2772
17875.0000,437.5000,0.0000,8.9778,7.5803
18000.0000,437.5000,0.0000,12.4426,10.5362
