944.96, 304.98,  18.95
25.0000,304.9800,19.1079,-2.2300,9.0600
75.0000,305.1300,18.8234,-2.8700,11.4800
125.0000,305.2700,18.5779,-3.3700,13.4800
175.0000,305.3700,18.4485,-3.5500,14.4800
225.0000,305.4700,18.3390,-3.6900,15.4200
275.0000,305.5600,18.2391,-3.7500,16.2400
325.0000,305.6700,18.1499,-3.7600,17.0800
375.0000,305.7900,18.0517,-3.6700,17.9700
425.0000,305.9200,17.9539,-3.5100,18.8800
475.0000,306.0700,17.8376,-3.2300,19.8500
525.0000,306.2400,17.7123,0.2946,21.0715
575.0000,306.4300,17.5781,-1.1795,21.6818
625.0000,306.6100,17.4631,-2.5225,22.9627
675.0000,306.7500,17.3861,0.0157,24.4699
725.0000,306.8600,17.2888,-1.7996,23.7394
775.0000,306.9400,17.1322,2.4270,24.6601
825.0000,307.0200,16.9465,3.7489,25.7035
875.0000,307.0700,16.7017,-0.1930,25.4584
925.0000,307.1219,16.4182,0.9092,22.4548
975.0000,307.3972,14.9635,3.5469,24.6077
1025.0000,307.1977,16.2285,1.3639,22.5455
1075.0000,307.5441,14.4019,4.1044,24.8215
1125.0000,307.3588,15.3647,2.9495,26.2628
1175.0000,307.9678,12.1529,3.5299,28.1145
1225.0000,307.7048,13.5304,1.9066,27.3769
1275.0000,307.5756,14.8290,3.3167,26.7358
1325.0000,307.6111,14.9602,3.2953,26.6713
1375.0000,308.0157,14.2262,7.4068,26.5659
1425.0000,308.7503,14.8703,10.1332,27.5551
1475.0000,309.4376,14.6255,7.1282,28.2406
1525.0000,310.0043,11.6552,9.3503,28.1006
1575.0000,311.7367,15.8638,12.0313,26.4645
1625.0000,313.1064,8.7219,13.3279,26.9419
1675.0000,312.6155,11.2850,15.6325,26.7135
1725.0000,312.7389,10.6335,15.0873,27.2432
1775.0000,312.8989,9.7904,12.9761,26.5984
1825.0000,313.6796,7.7533,16.8457,26.7080
1875.0000,313.7539,7.3583,18.4681,26.6080
1925.0000,313.6919,7.6786,16.2448,26.3448
1975.0000,313.8374,7.4094,17.9837,24.6688
2025.0000,313.9519,6.8043,14.7350,24.8580
2075.0000,313.8290,7.4441,19.2434,24.2262
2125.0000,314.3478,4.7147,16.2191,23.3718
2175.0000,314.1735,5.6286,15.2123,27.2319
2225.0000,314.0194,6.4344,18.7892,22.1807
2275.0000,313.9346,6.8747,19.5923,21.4939
2325.0000,314.1886,5.5400,17.8117,22.8171
2375.0000,314.0658,6.1803,22.2105,23.7320
2425.0000,314.0449,6.2864,18.0372,23.5335
2475.0000,314.2092,5.4228,22.1914,21.6513
2525.0000,314.2765,5.0677,21.5497,22.8807
2575.0000,314.1819,5.5605,20.1582,22.7890
2625.0000,314.3174,4.8481,21.5960,23.0870
2675.0000,314.4679,4.0568,18.8588,19.1256
2725.0000,314.2910,4.9819,22.5724,19.5998
2775.0000,314.2417,5.2374,21.9639,22.2105
2825.0000,314.6452,3.1207,20.0824,21.9723
2875.0000,314.6316,3.7583,22.4509,20.7317
2925.0000,314.5127,4.3792,20.4330,19.1776
2975.0000,314.8400,2.6625,21.5910,20.9331
3025.0000,315.4094,2.4752,21.6518,19.2841
3076.2700,315.2605,3.2541,23.3533,22.6087
3130.0600,315.2192,3.4685,24.9512,18.9458
3186.3900,315.5946,1.5006,22.0107,21.6709
3245.2500,315.2343,3.3865,20.5880,22.2849
3306.6500,315.2890,3.0988,24.2208,19.1862
3370.5700,315.4680,2.1616,21.2701,22.8373
3437.0300,315.2886,3.0980,23.5527,21.8609
3506.0100,315.2942,3.0674,25.2951,19.7112
3577.5300,315.5139,1.9186,22.3336,20.5447
3651.5800,316.3274,1.7472,21.5117,22.6523
3728.1600,316.1379,2.7337,20.9729,23.6051
3807.2800,317.5099,2.5309,25.1540,24.3965
3888.9200,317.6281,1.9162,20.8522,27.4966
3973.1000,317.7162,1.9634,22.4088,27.5081
4059.8100,318.9411,2.7720,22.3819,25.6326
4149.0500,318.8837,3.0661,19.5839,26.4557
4240.8200,319.2117,1.3724,17.8855,23.0029
4335.1300,318.9831,2.5510,18.0139,24.8806
4431.9600,319.0625,2.1409,17.7497,27.2157
4531.3300,319.6093,1.5797,18.6836,25.1352
4633.2300,319.4946,2.1695,19.0392,28.2317
4737.6600,319.9832,1.4244,20.4647,27.5699
4844.6200,320.0319,1.1733,19.5659,26.6807
4954.1100,321.1346,2.2148,19.1472,26.4964
5066.1400,321.1951,1.9046,20.4437,26.0178
5180.7000,321.2258,1.7468,21.1269,27.0655
5297.7800,321.1972,1.8922,18.5103,25.0963
5417.4100,323.4571,1.5271,19.7897,27.6972
5539.5600,323.5811,0.8962,17.3747,27.3121
5664.2400,323.4944,1.3358,20.6242,23.8154
5791.4600,323.5055,1.2790,20.3176,24.4244
5921.2000,323.5118,1.2467,17.3497,22.8786
6053.4800,323.5336,1.1358,18.5887,24.9235
6188.2900,323.5701,0.9501,17.1243,23.9724
6325.6300,323.5686,0.9572,18.1184,24.1381
6465.5100,323.6065,0.7647,20.1335,23.7896
6607.9100,323.6151,0.7208,18.5412,26.6541
6752.8500,323.6877,0.4744,23.5932,25.9417
6900.3200,323.6990,0.4170,22.5211,22.2844
7050.3200,323.6919,0.4527,22.7358,22.9818
7202.8500,325.6312,0.3564,20.3835,25.6598
7357.9100,326.0223,0.3646,21.4872,24.1614
7515.5100,326.1178,0.3814,26.0934,23.8574
7675.6300,326.1399,0.2701,25.6655,21.9375
7838.2900,327.3675,0.2226,24.9740,24.4612
8003.4800,327.8758,0.2883,26.8301,20.7140
8171.2000,328.6509,0.1056,28.8503,23.0437
8341.4600,328.6469,0.1257,31.7755,23.5222
8514.2400,330.9265,0.1588,30.2776,20.2011
8689.5600,331.1429,0.0904,32.2461,23.6889
8867.4100,331.5379,0.1300,30.4088,22.7298
9047.7900,332.4900,0.0742,32.9482,21.8218
9230.7000,332.4801,0.1232,32.3977,19.6183
9416.1400,336.7388,0.1900,35.3030,21.5786
9604.1100,336.7605,0.0840,36.2405,17.9255
9794.6200,340.2995,0.0963,35.1675,17.8099
9987.6600,340.3042,0.0739,37.1347,18.1342
10183.2300,341.1526,0.0963,35.3905,15.4875
10381.3300,341.1542,0.0977,34.2206,16.2146
10581.9600,343.5092,0.0881,35.0969,13.6113
10785.1300,346.1898,0.0483,35.0361,15.6899
10990.8200,346.1835,0.0781,33.9796,14.7228
11199.0500,347.3514,0.0436,32.6608,13.9526
11409.8100,347.3507,0.0469,31.7416,12.5339
11623.1000,347.4557,0.0576,33.8638,10.2922
11838.9200,348.5900,0.0300,33.4539,9.4428
12057.2800,349.2700,0.0200,31.1397,9.3171
12278.1600,350.6400,0.0200,33.7684,9.6310
12501.5800,352.2300,0.0200,33.8112,10.4869
12727.5300,356.7100,0.0400,34.2175,8.6769
12956.0100,359.7100,0.0700,27.9360,8.2081
13187.0300,361.2300,0.0500,23.4504,7.7411
13420.5700,362.7600,0.0400,18.6739,5.4237
13656.6500,364.3100,0.0300,20.9724,8.2164
13895.2500,367.3800,0.0200,16.9023,13.5815
14136.3900,371.6400,0.0200,13.7666,14.9504
14380.0600,375.7000,0.0200,13.3194,16.6812
14626.2700,379.7500,0.0100,14.8687,15.8206
14875.0000,383.8500,0.0100,17.8234,13.5988
15125.0000,387.5500,0.0100,14.2751,12.6251
15375.0000,391.1000,0.0100,12.6451,9.1686
15625.0000,394.6600,0.0100,13.2238,10.1337
15875.0000,398.2100,0.0100,10.7438,9.5839
16125.0000,402.9100,0.0100,12.1382,9.7527
16375.0000,407.7900,0.0100,11.2506,9.5947
16625.0000,412.6800,0.0100,12.3103,9.5349
16875.0000,417.5600,0.0100,10.3751,7.6135
17125.0000,422.5000,0.0100,13.5346,7.2247
17375.0000,427.5000,0.0100,12.0706,12.3599
17625.0000,432.5000,0.0100,11.1430,4.8845
17875.0000,437.5000,0.0100,11.3827,11.6633
18000.0000,437.5000,0.0100,10.8977,10.0690
