944.96, 304.98,  18.95
25.0000,304.9800,19.1079,-2.2300,9.0600
75.0000,305.1300,18.8234,-2.8700,11.4800
125.0000,305.2700,18.5779,-3.3700,13.4800
175.0000,305.3700,18.4485,-3.5500,14.4800
225.0000,305.4700,18.3390,-3.6900,15.4200
275.0000,305.5600,18.2391,-3.7500,16.2400
325.0000,305.6700,18.1499,-3.7600,17.0800
375.0000,305.7900,18.0517,-3.6700,17.9700
425.0000,305.9200,17.9539,-3.5100,18.8800
475.0000,306.0700,17.8376,-3.2300,19.8500
525.0000,306.2400,17.7123,-1.1200,19.4132
575.0000,306.4300,17.5781,-3.0073,22.4525
625.0000,306.6100,17.4631,0.0017,22.1340
675.0000,306.7500,17.3861,1.8802,21.7380
725.0000,306.8600,17.2888,-1.0321,21.8338
775.0000,306.9400,17.1322,-1.6960,23.7890
825.0000,307.0200,16.9465,-0.5549,23.6006
875.0000,307.0700,16.7017,1.9545,24.3129
925.0000,307.1219,16.4182,2.5415,24.9165
975.0000,307.3280,15.3268,1.4556,22.8196
1025.0000,306.9737,16.7407,6.1026,24.7492
1075.0000,307.5813,13.9756,2.2428,23.8532
1125.0000,307.4801,14.4984,6.8268,25.6918
1175.0000,307.6096,15.0620,2.5097,27.4267
1225.0000,307.6320,14.9349,1.9356,26.8524
1275.0000,307.8205,13.9382,5.1656,27.6785
1325.0000,307.9044,13.4893,4.2314,29.5114
1375.0000,307.7345,14.3714,5.1271,25.5255
1425.0000,308.6787,12.8554,3.8529,28.8518
1475.0000,308.4196,14.2040,9.5758,26.9550
1525.0000,309.1492,11.9641,9.8321,24.5232
1575.0000,309.0803,12.7283,9.9795,26.1456
1625.0000,310.9309,10.0638,13.2644,26.7154
1675.0000,310.7866,11.5027,12.5652,30.7274
1725.0000,311.1261,9.7169,11.5279,29.0043
1775.0000,311.5995,9.4815,15.4684,27.6175
1825.0000,313.1356,8.3786,12.9830,25.4360
1875.0000,313.0540,8.8011,15.8971,23.4676
1925.0000,313.0489,8.8224,16.0788,25.5846
1975.0000,313.1998,8.0266,18.1031,23.6753
2025.0000,313.2235,7.8974,14.1275,24.4666
2075.0000,313.6878,5.4541,20.2605,24.2324
2125.0000,313.6599,5.5975,15.7813,26.5831
2175.0000,313.5115,6.3743,20.0596,24.1862
2225.0000,313.5522,6.1570,18.7327,22.8511
2275.0000,313.5840,5.9867,20.1067,22.2604
2325.0000,314.3138,5.1224,17.2040,21.0997
2375.0000,314.3029,5.1765,20.7085,22.7852
2425.0000,314.4310,4.5014,20.7630,21.9916
2475.0000,314.2726,5.3301,18.5986,20.0799
2525.0000,314.1434,6.0035,19.9649,21.7402
2575.0000,314.2421,5.4844,23.1088,23.0455
2625.0000,314.4377,5.2850,20.3028,21.6268
2675.0000,314.4550,5.1918,20.0427,22.4487
2725.0000,314.2992,6.0030,20.1470,20.3706
2775.0000,314.5628,4.6231,22.2050,22.9783
2825.0000,314.8319,3.2106,21.0781,22.4125
2875.0000,314.6337,4.2476,20.9839,20.3830
2925.0000,314.7320,3.7311,22.7192,20.2781
2975.0000,314.8260,3.2373,19.3958,17.4444
3025.0000,315.6387,4.0852,22.2844,18.6882
3076.2700,315.9608,2.4000,23.4322,22.6608
3130.0600,315.8802,2.8203,22.8929,18.2868
3186.3900,315.7082,3.7172,22.9299,19.7123
3245.2500,316.0600,1.8775,23.4989,19.3675
3306.6500,315.7305,3.5974,22.7175,18.9996
3370.5700,315.9875,2.2546,21.9905,19.2029
3437.0300,315.9701,2.3442,22.5370,19.0065
3506.0100,315.8299,3.0743,20.5730,21.8018
3577.5300,315.8493,2.9718,22.2759,20.9168
3651.5800,315.9917,2.2281,23.4036,21.0328
3728.1600,315.9211,2.5954,24.1280,21.9159
3807.2800,315.9867,2.2521,21.3460,22.7138
3888.9200,318.0116,0.9031,18.3097,23.6859
3973.1000,318.4486,1.2844,19.9594,26.9091
4059.8100,318.4364,1.3465,18.2521,24.8489
4149.0500,318.2915,2.0960,19.7941,26.8842
4240.8200,318.9964,1.6067,22.8450,23.3311
4335.1300,319.0256,1.4548,19.9070,25.5416
4431.9600,318.8418,2.4023,20.2961,25.7118
4531.3300,318.9849,1.6633,21.2739,26.6447
4633.2300,318.8889,2.1574,16.9910,23.8240
4737.6600,319.0342,1.4074,18.1997,23.5456
4844.6200,319.0125,1.5188,19.5397,26.3388
4954.1100,319.5293,1.5259,18.7729,25.1112
5066.1400,319.4393,1.9878,17.4403,30.6232
5180.7000,319.4903,1.7248,21.0367,27.0698
5297.7800,320.9509,1.4158,22.6273,26.1117
5417.4100,320.9299,1.5229,18.8144,26.9424
5539.5600,320.8598,1.8806,18.7642,25.3022
5664.2400,320.9399,1.4706,18.4235,27.2335
5791.4600,320.9620,1.3567,18.8991,25.3343
5921.2000,321.0394,0.9609,20.5909,25.7826
6053.4800,321.8659,1.0477,18.8453,25.8806
6188.2900,321.8655,1.0494,18.3125,24.1281
6325.6300,321.8786,0.9826,21.7164,25.1102
6465.5100,323.7917,0.8013,21.8735,27.7621
6607.9100,323.8003,0.7573,21.5403,25.5072
6752.8500,323.8268,0.6228,23.7945,23.4137
6900.3200,324.0821,0.3399,19.9753,23.5080
7050.3200,325.0866,0.5351,20.6274,23.7774
7202.8500,326.2434,0.6375,21.3025,22.9762
7357.9100,327.6963,0.4472,23.4137,24.8773
7515.5100,327.7345,0.2556,23.9736,25.7087
7675.6300,327.6921,0.4683,24.7473,24.6224
7838.2900,327.7425,0.2158,26.7997,23.6549
8003.4800,327.7700,0.0778,26.6438,25.0461
8171.2000,327.9342,0.0384,30.9823,22.3075
8341.4600,328.7989,0.0869,28.8357,21.5676
8514.2400,330.4068,0.1434,29.1388,21.4067
8689.5600,330.9885,0.1578,30.7196,19.8091
8867.4100,330.9963,0.1191,30.3999,18.6603
9047.7900,330.9980,0.1110,33.0002,23.2917
9230.7000,332.6298,0.1276,32.0202,21.5927
9416.1400,333.9012,0.1149,32.4834,20.0987
9604.1100,336.4290,0.0729,34.8719,19.0931
9794.6200,340.2761,0.1291,33.7873,20.0637
9987.6600,340.2859,0.0823,34.1586,20.2210
10183.2300,341.5623,0.0480,34.4975,17.0557
10381.3300,341.5557,0.0792,32.9446,17.2503
10581.9600,344.0551,0.1288,36.3328,15.8354
10785.1300,345.2837,0.0665,33.4226,13.1318
10990.8200,345.2859,0.0562,31.5050,16.9764
11199.0500,345.2888,0.0422,32.0478,16.1200
11409.8100,345.3492,0.0264,33.8674,12.5836
11623.1000,347.8552,0.0381,30.8922,12.6053
11838.9200,348.5900,0.0300,34.0951,11.6754
12057.2800,349.2700,0.0200,32.4008,8.6551
12278.1600,350.6400,0.0200,32.4390,12.5890
12501.5800,352.2300,0.0200,34.3419,9.2344
12727.5300,356.7100,0.0400,33.5393,7.6266
12956.0100,359.7100,0.0700,27.9555,7.2089
13187.0300,361.2300,0.0500,24.1380,5.0260
13420.5700,362.7600,0.0400,21.4306,7.9890
13656.6500,364.3100,0.0300,19.0347,7.4102
13895.2500,367.3800,0.0200,13.5636,9.8592
14136.3900,371.6400,0.0200,16.7825,15.9302
14380.0600,375.7000,0.0200,12.3562,15.1407
14626.2700,379.7500,0.0100,17.5641,11.7869
14875.0000,383.8500,0.0100,21.5055,14.1830
15125.0000,387.5500,0.0100,17.2368,11.1504
15375.0000,391.1000,0.0100,15.3151,11.5365
15625.0000,394.6600,0.0100,12.1650,10.8739
15875.0000,398.2100,0.0100,9.8483,10.8388
16125.0000,402.9100,0.0100,11.2466,8.5620
16375.0000,407.7900,0.0100,11.0467,11.7398
16625.0000,412.6800,0.0100,9.6399,10.6169
16875.0000,417.5600,0.0100,10.5566,8.8052
17125.0000,422.5000,0.0100,10.4023,9.5644
17375.0000,427.5000,0.0100,9.8721,12.8836
17625.0000,432.5000,0.0100,9.3623,9.6000
17875.0000,437.5000,0.0100,11.7547,8.9152
18000.0000,437.5000,0.0100,11.7103,6.3515
