944.96, 304.98,  18.95
25.0000,304.9800,19.1079,-2.2300,9.0600
75.0000,305.1300,18.8234,-2.8700,11.4800
125.0000,305.2700,18.5779,-3.3700,13.4800
175.0000,305.3700,18.4485,-3.5500,14.4800
225.0000,305.4700,18.3390,-3.6900,15.4200
275.0000,305.5600,18.2391,-3.7500,16.2400
325.0000,305.6700,18.1499,-3.7600,17.0800
375.0000,305.7900,18.0517,-3.6700,17.9700
425.0000,305.9200,17.9539,-3.5100,18.8800
475.0000,306.0700,17.8376,-3.2300,19.8500
525.0000,306.2400,17.7123,-0.6637,19.4549
575.0000,306.4300,17.5781,-3.2694,21.7098
625.0000,306.6100,17.4631,-2.6774,23.3783
675.0000,306.7500,17.3861,-3.0890,18.8848
725.0000,306.8600,17.2888,0.0124,25.2828
775.0000,306.9400,17.1322,-1.7778,24.5134
825.0000,307.0200,16.9465,-0.0334,24.3391
875.0000,307.0700,16.7017,0.7997,22.8458
925.0000,307.1219,16.4182,2.4139,24.1594
975.0000,307.3190,15.3742,0.5686,25.5604
1025.0000,307.0183,16.7863,1.7899,22.4159
1075.0000,307.5855,14.3025,3.8970,27.3061
1125.0000,307.5701,14.3740,1.3570,25.1447
1175.0000,307.6930,13.7194,3.3369,26.4546
1225.0000,307.6788,15.0758,1.8486,27.8110
1275.0000,307.8412,14.2161,3.2365,29.3602
1325.0000,308.0092,14.6268,6.3080,26.7514
1375.0000,308.7641,12.1629,7.7225,28.6242
1425.0000,308.6292,12.8636,3.5813,27.3740
1475.0000,308.4114,13.9960,8.1508,27.4483
1525.0000,308.6276,12.8567,9.2564,26.4308
1575.0000,309.0652,10.5502,6.7923,25.6046
1625.0000,309.9425,9.8528,11.5169,25.4774
1675.0000,310.2457,8.2477,10.8341,26.8677
1725.0000,310.9628,10.2817,12.2767,25.0700
1775.0000,311.0930,9.5927,13.4328,22.3299
1825.0000,311.3172,8.6860,14.1446,27.2501
1875.0000,312.3588,8.3891,16.0248,26.9103
1925.0000,312.8407,5.8476,14.7919,24.0780
1975.0000,312.7332,6.4109,15.3804,24.0542
2025.0000,312.7108,6.5248,16.8062,23.2043
2075.0000,312.7109,6.5204,16.3197,25.9643
2125.0000,312.7940,6.0793,16.6786,23.2516
2175.0000,312.9600,5.2016,18.0387,24.5500
2225.0000,312.5191,7.5163,19.0580,22.0614
2275.0000,313.2781,3.5167,17.9972,22.9103
2325.0000,312.9943,5.0125,18.8965,23.4310
2375.0000,312.8327,5.8599,17.3651,21.0959
2425.0000,313.2423,3.6999,19.8016,19.7225
2475.0000,312.9564,5.2044,18.6528,19.8243
2525.0000,313.3028,3.4383,19.6365,21.6982
2575.0000,313.1530,4.2261,19.9183,23.2033
2625.0000,313.4970,4.4820,18.1061,23.5452
2675.0000,314.0231,1.7071,20.6008,23.8015
2725.0000,315.0146,3.1055,18.9715,20.7017
2775.0000,314.8358,4.0419,23.1867,20.0754
2825.0000,314.9371,3.5095,21.2936,19.9869
2875.0000,314.8584,3.9200,20.4188,22.1922
2925.0000,314.8451,3.9879,21.3118,21.6657
2975.0000,314.9985,3.1829,23.8480,21.9811
3025.0000,315.0723,2.7946,22.7494,18.4769
3076.2700,315.1706,2.2778,19.8976,19.1656
3130.0600,315.0597,2.8581,24.6365,19.3492
3186.3900,315.4231,0.9498,24.1261,21.7958
3245.2500,315.4260,2.1914,24.2690,18.9565
3306.6500,315.5509,1.5357,22.3840,21.6370
3370.5700,315.3693,2.4856,21.9088,17.9292
3437.0300,315.5354,1.6156,24.0164,20.8029
3506.0100,315.3506,2.5811,21.4088,22.9507
3577.5300,315.5859,1.3496,23.2612,21.8188
3651.5800,315.4695,1.9577,22.2491,20.7228
3728.1600,315.5526,1.5224,23.4261,19.1284
3807.2800,315.6625,1.9582,23.3790,23.1818
3888.9200,316.1748,0.9835,22.6980,26.9491
3973.1000,317.3750,0.3143,20.5528,27.2748
4059.8100,317.2307,1.5080,19.3777,26.1676
4149.0500,318.0935,1.1260,20.1419,28.4413
4240.8200,321.4626,1.7420,21.3559,27.4037
4335.1300,321.5847,1.1138,16.9628,27.1864
4431.9600,321.5620,1.2299,18.9597,27.9732
4531.3300,321.3723,2.2014,18.6085,27.2759
4633.2300,321.4299,1.9054,16.5150,26.7208
4737.6600,321.4889,1.6020,17.4052,28.5884
4844.6200,321.4852,1.6203,17.7864,25.4430
4954.1100,321.5559,1.2575,18.1440,26.9851
5066.1400,321.4244,1.9295,16.7364,28.1349
5180.7000,321.5204,1.4379,19.6172,26.6965
5297.7800,321.6237,0.9091,19.4565,27.5103
5417.4100,321.5423,1.3249,17.7392,25.9546
5539.5600,321.6812,1.0877,20.2840,27.4042
5664.2400,321.6456,1.2691,16.9045,25.2925
5791.4600,321.6138,1.4306,15.8055,26.1995
5921.2000,321.6745,1.1206,19.9195,23.3446
6053.4800,322.3200,0.8534,16.8833,25.8312
6188.2900,322.3031,0.9388,18.1907,24.4607
6325.6300,322.3939,0.7883,20.8550,24.5580
6465.5100,323.9788,0.9628,22.2424,24.7442
6607.9100,324.0636,0.5330,19.2029,25.0406
6752.8500,324.0192,0.7577,20.1181,25.6625
6900.3200,324.1042,0.3274,22.5480,23.0062
7050.3200,325.0607,0.2118,23.4926,23.9203
7202.8500,325.0106,0.4648,24.8371,28.2200
7357.9100,326.4239,0.1754,24.4567,23.7917
7515.5100,326.4039,0.2760,23.5243,23.8884
7675.6300,326.3968,0.3115,23.5339,21.2474
7838.2900,326.8370,0.0319,24.6127,21.9002
8003.4800,327.9622,0.1717,25.4457,24.4619
8171.2000,327.9491,0.2373,29.6117,21.6247
8341.4600,329.7096,0.0929,28.7315,23.5081
8514.2400,331.3781,0.2049,29.7175,22.9094
8689.5600,331.4029,0.0821,32.7386,23.7253
8867.4100,331.3980,0.1060,32.9272,23.3218
9047.7900,334.4446,0.0606,32.4944,20.7529
9230.7000,334.4429,0.0691,29.0365,22.7651
9416.1400,335.2701,0.0726,35.6074,17.1165
9604.1100,336.8544,0.0666,34.4479,19.6779
9794.6200,340.2315,0.1368,33.5291,16.0236
9987.6600,340.2537,0.0296,36.8893,16.0719
10183.2300,341.9109,0.1112,35.9601,19.2410
10381.3300,344.1518,0.1323,34.9035,17.9093
10581.9600,344.1742,0.0256,32.8725,17.4410
10785.1300,346.1552,0.0480,33.9659,13.2130
10990.8200,347.2333,0.0555,32.1564,12.2994
11199.0500,347.2439,0.0056,33.0744,11.3876
11409.8100,347.2367,0.0399,31.0419,12.1830
11623.1000,347.2353,0.0461,33.1055,13.8858
11838.9200,348.5900,0.0300,31.0433,11.4027
12057.2800,349.2700,0.0200,30.8735,8.0194
12278.1600,350.6400,0.0200,32.8303,10.5932
12501.5800,352.2300,0.0200,35.7912,8.2785
12727.5300,356.7100,0.0400,32.7258,5.6166
12956.0100,359.7100,0.0700,28.0204,5.6858
13187.0300,361.2300,0.0500,23.4778,6.4869
13420.5700,362.7600,0.0400,18.0050,8.2704
13656.6500,364.3100,0.0300,22.3873,6.4980
13895.2500,367.3800,0.0200,14.1724,11.1184
14136.3900,371.6400,0.0200,14.5010,15.4776
14380.0600,375.7000,0.0200,13.9073,16.1795
14626.2700,379.7500,0.0100,13.9017,12.3764
14875.0000,383.8500,0.0100,17.4341,12.3887
15125.0000,387.5500,0.0100,17.1321,12.4755
15375.0000,391.1000,0.0100,12.7463,8.7020
15625.0000,394.6600,0.0100,10.8885,8.5835
15875.0000,398.2100,0.0100,11.5864,9.3052
16125.0000,402.9100,0.0100,9.7305,7.3731
16375.0000,407.7900,0.0100,9.5543,7.9674
16625.0000,412.6800,0.0100,12.7133,9.7600
16875.0000,417.5600,0.0100,11.3771,8.0610
17125.0000,422.5000,0.0100,11.0005,10.6556
17375.0000,427.5000,0.0100,9.1540,5.8619
17625.0000,432.5000,0.0100,11.7092,8.1513
17875.0000,437.5000,0.0100,10.3072,8.3073
18000.0000,437.5000,0.0100,11.7093,8.8182
